0,001296432 0,002122015 0,001632706 0,001762116 0,001407759
0,001302706 0,00210577 0,001623808 0,001759279 0,00140523
0,00130891 0,002100224 0,001621874 0,00175776 0,001404702
0,001321521 0,002097547 0,001623693 0,001758459 0,001407378
0,001326189 0,002099084 0,001627177 0,001762644 0,001411716
0,001316326 0,002129662 0,001661501 0,001781761 0,001436965
0,001325329 0,002121461 0,001650652 0,001775236 0,001427431
0,00132554 0,002124959 0,001644357 0,001766328 0,001418491
0,001168163 0,002212692 0,001643627 0,001732997 0,001404074
0,001167688 0,00221043 0,001643137 0,001733496 0,001404295
0,001167688 0,00221043 0,001643137 0,001733496 0,001404295
0,001171604 0,002215335 0,001644716 0,001729642 0,001401997
0,001173055 0,002220027 0,001646037 0,001727109 0,001400601
0,001171235 0,002216294 0,001644099 0,001728524 0,001401088
0,001170333 0,002212374 0,001642555 0,001730906 0,001402372
0,001170647 0,002210699 0,001642039 0,001731832 0,001402858
0,001170647 0,002210699 0,001642039 0,001731832 0,001402858
0,001170379 0,002209023 0,001641097 0,001734163 0,00140402
0,001170819 0,002208648 0,001640704 0,001734822 0,001404274
0,001170927 0,002208657 0,001640276 0,001734919 0,001404147
0,001170418 0,002208568 0,001640061 0,00173457 0,00140388
0,001170471 0,002207804 0,001639973 0,001734546 0,001403865
0,001170471 0,002207804 0,001639973 0,001734546 0,001403865
0,001171202 0,002208895 0,001640346 0,001734017 0,001403935
0,001171544 0,002210022 0,001640784 0,001733959 0,001404099
0,001171424 0,002210737 0,001641188 0,001734014 0,001404294
0,001171168 0,002210992 0,001641602 0,001734028 0,001404507
0,001171023 0,002210739 0,00164177 0,001734275 0,001404728
0,001171161 0,002211742 0,00164344 0,001735067 0,001406034
0,001171161 0,002211742 0,00164344 0,001735067 0,001406034
0,001169797 0,002214089 0,001645832 0,001736454 0,001407849
0,001169543 0,002214773 0,001646727 0,001736936 0,001408564
0,001171893 0,00222367 0,001650002 0,001733167 0,00140678
0,001175798 0,002234859 0,00165424 0,001727086 0,001403658
0,001177188 0,00224366 0,001657852 0,00172539 0,001403949
0,001177188 0,00224366 0,001657852 0,00172539 0,001403949
0,001174127 0,002234044 0,001654243 0,001728766 0,001405512
0,001171679 0,002227908 0,001652561 0,001731765 0,001407165
0,001172695 0,002233836 0,001654985 0,001727163 0,001404471
0,00117097 0,002232564 0,001654712 0,001729008 0,001405257
0,00115956 0,002214256 0,001650314 0,001726802 0,001402773
0,00115956 0,002214256 0,001650314 0,001726802 0,001402773
0,001131569 0,00217161 0,001654105 0,001730725 0,001411447
0,001118946 0,002182626 0,001668685 0,001746058 0,001426431
0,001096912 0,002254823 0,001717523 0,001796666 0,001476156
0,001103023 0,002299555 0,001761898 0,001912994 0,001554551
0,001315135 0,002364922 0,001841711 0,002048834 0,001653584
0,001427948 0,002356001 0,001849735 0,002062926 0,001664545
0,001427948 0,002356001 0,001849735 0,002062926 0,001664545
0,001632153 0,00235229 0,001876918 0,002140254 0,001720251
0,001613086 0,002367851 0,001875601 0,002113289 0,001709343
0,001601047 0,002381073 0,001877084 0,002080151 0,001695929
0,001556275 0,002389842 0,001916968 0,002064254 0,001717105
0,001499231 0,002424383 0,001942129 0,002047498 0,001726658
0,001499231 0,002424383 0,001942129 0,002047498 0,001726658
0,001503566 0,002498298 0,001920446 0,001983712 0,0016732
0,001521483 0,002508938 0,001902684 0,001943815 0,00164268
0,00152694 0,002503925 0,001894303 0,001930861 0,001631657
0,001537182 0,002460109 0,001888796 0,001920158 0,00162247
0,001552005 0,002475939 0,001893922 0,001902653 0,001614579
0,001596435 0,002484908 0,001879717 0,001850999 0,001577445
0,001596435 0,002484908 0,001879717 0,001850999 0,001577445
0,001459304 0,002354957 0,001811423 0,001989064 0,00161125
0,001432433 0,002355014 0,001793318 0,001985353 0,001592261
0,001355474 0,002471138 0,001763187 0,001909707 0,001536709
0,001189048 0,002569688 0,001744285 0,001860973 0,00150899
0,001111088 0,002471225 0,001707276 0,001744721 0,001429277
0,001111088 0,002471225 0,001707276 0,001744721 0,001429277
0,0009566484 0,002931964 0,001747412 0,001826801 0,001503377
0,0009382076 0,003289147 0,001798766 0,001853034 0,00155181
0,0009141878 0,004159688 0,001836592 0,001852335 0,001571745
0,0009722923 0,003942604 0,00187362 0,001886877 0,001612023
0,001027972 0,00424184 0,001881353 0,001874757 0,001610879
0,001027972 0,00424184 0,001881353 0,001874757 0,001610879
0,001250491 0,002406619 0,001912953 0,001984536 0,001679006
0,001340331 0,002403519 0,001877303 0,001939594 0,001630761
0,00142861 0,002435904 0,001891079 0,001959571 0,001640735
0,001445915 0,002667392 0,00187748 0,001983674 0,001638356
0,001457979 0,002625808 0,001887476 0,002016356 0,001657985
0,001474302 0,002405255 0,001874986 0,002018926 0,001646005
0,001474302 0,002405255 0,001874986 0,002018926 0,001646005
0,00148895 0,002376327 0,001863714 0,001958422 0,001609289
0,001466743 0,002356018 0,001854948 0,001956875 0,001606446
0,001467133 0,002242047 0,001797696 0,001906327 0,001557896
0,00146588 0,002252426 0,001788102 0,001902686 0,001553801
0,001468124 0,002190147 0,001742053 0,001840811 0,001504697
0,001468124 0,002190147 0,001742053 0,001840811 0,001504697
0,001375519 0,002187695 0,001665673 0,001768075 0,001432422
0,001354204 0,002193758 0,00165092 0,00173478 0,001409945
0,001220223 0,002165926 0,001611396 0,001702868 0,001381179
0,001186143 0,002177214 0,001612677 0,001684069 0,001374297
0,001113664 0,002422569 0,001697835 0,001743594 0,001454282
0,001113664 0,002422569 0,001697835 0,001743594 0,001454282
0,001193943 0,002534155 0,00184733 0,001929782 0,00162535
0,00144431 0,002480323 0,001933955 0,002114344 0,001757991
0,001704211 0,002203003 0,00190709 0,002158219 0,001760177
0,001800439 0,002144571 0,00186596 0,002107708 0,001710079
0,001688668 0,002260457 0,001923193 0,002097935 0,0017259
0,001630997 0,002406067 0,001988958 0,002068408 0,001732654
0,001630997 0,002406067 0,001988958 0,002068408 0,001732654
0,001462799 0,002461616 0,001920585 0,002060613 0,001700271
0,001533157 0,002308367 0,001974386 0,002164535 0,001787131
0,001614497 0,002500076 0,002108653 0,002241579 0,00190266
0,001555375 0,002823705 0,002260083 0,002369977 0,002060589
0,001496819 0,002936981 0,002213017 0,002287945 0,001953912
0,001496819 0,002936981 0,002213017 0,002287945 0,001953912
0,001527761 0,002967624 0,002282679 0,002280559 0,001977483
0,001597257 0,002722376 0,001963573 0,002070125 0,001694908
0,00159847 0,00278257 0,001851122 0,001983833 0,001607882
0,001542536 0,002822262 0,001749179 0,001910393 0,001532727
0,00149058 0,002954497 0,001749713 0,001857768 0,001502662
0,00149058 0,002954497 0,001749713 0,001857768 0,001502662
0,001102243 0,003517452 0,001850437 0,001917742 0,001572513
0,0008945232 0,003988682 0,001864958 0,001886212 0,001584826
0,0009086657 0,00419363 0,001869596 0,001857302 0,001581201
0,0009299734 0,004118351 0,001891044 0,001883983 0,00162378
0,001103804 0,003973108 0,001926725 0,001893822 0,001644847
0,001371548 0,002389392 0,001908703 0,001956947 0,001671931
0,001371548 0,002389392 0,001908703 0,001956947 0,001671931
0,001431565 0,00257261 0,001846656 0,001930552 0,001611239
0,00144111 0,00266039 0,00185667 0,001956482 0,001621058
0,0014439 0,002577046 0,00184331 0,001953031 0,001597309
0,001436053 0,00251259 0,001841136 0,001970962 0,001600352
0,001425703 0,002431718 0,001814844 0,001940703 0,001569201
0,001425703 0,002431718 0,001814844 0,001940703 0,001569201
0,001430862 0,002415095 0,001820007 0,001922346 0,001565152
0,001426105 0,002407873 0,001823793 0,001922235 0,001569775
0,001434398 0,002400892 0,001845219 0,00192798 0,001587572
0,001442916 0,002340598 0,001843783 0,001930242 0,001590491
0,001449643 0,002328783 0,001826401 0,001915991 0,001577468
0,001449643 0,002328783 0,001826401 0,001915991 0,001577468
0,001433725 0,002326234 0,00181213 0,001904261 0,001566266
0,001428742 0,002300073 0,001806633 0,001899277 0,001562085
0,001418705 0,002274703 0,001796881 0,001889946 0,001554505
0,001420984 0,002260531 0,001795151 0,001887009 0,001553078
0,001423485 0,002246707 0,001793563 0,001881819 0,001550508
0,001426686 0,002248011 0,001793244 0,001877993 0,001549333
0,001426686 0,002248011 0,001793244 0,001877993 0,001549333
0,001426284 0,002270871 0,001798589 0,001878268 0,001552541
0,001421217 0,002275922 0,001797692 0,001876546 0,001551235
0,001420285 0,00228199 0,001800833 0,001878434 0,001553701
0,001418742 0,002281032 0,001801016 0,001879507 0,001553947
0,00141872 0,002276802 0,00180136 0,001880794 0,001554679
0,00141872 0,002276802 0,00180136 0,001880794 0,001554679
0,001419475 0,002276577 0,001802194 0,001881948 0,001555488
0,001418799 0,002265746 0,001799798 0,001880808 0,00155384
0,001415249 0,002262277 0,00179693 0,001879046 0,001551569
0,001410274 0,002265081 0,001792642 0,001876065 0,00154798
0,00140854 0,00226766 0,001792636 0,001876194 0,001547975
0,00140854 0,00226766 0,001792636 0,001876194 0,001547975
0,001407492 0,00227525 0,001794661 0,001879814 0,001550264
0,001406417 0,002276393 0,001793679 0,001879749 0,001549584
0,001407003 0,002280068 0,00179504 0,001880962 0,001550828
0,001409203 0,002302163 0,001801919 0,001884005 0,001555568
0,00142317 0,002361255 0,001830748 0,001902869 0,001577745
0,001426994 0,002391044 0,001848313 0,001917091 0,00159284
0,001426994 0,002391044 0,001848313 0,001917091 0,00159284
0,001438278 0,002383478 0,001845508 0,001933155 0,001593436
0,001448051 0,002377777 0,001838631 0,001932704 0,001586535
0,001442917 0,002404657 0,001835863 0,00193848 0,001586542
0,00145433 0,002344623 0,001819456 0,001936636 0,001576928
0,001465156 0,002255629 0,001801516 0,00193824 0,001571297
0,001465156 0,002255629 0,001801516 0,00193824 0,001571297
0,001456352 0,002241828 0,001754149 0,001869649 0,001519357
0,001444736 0,002256935 0,001747352 0,001852446 0,001507065
0,001362401 0,002120566 0,001665084 0,001760364 0,00142364
0,001170861 0,002120328 0,001642472 0,001745176 0,001413253
0,001151617 0,002249702 0,001732896 0,001849862 0,001515141
0,001151617 0,002249702 0,001732896 0,001849862 0,001515141
0,001428793 0,002381004 0,001862303 0,002069958 0,001683145
0,001577793 0,002263566 0,00187561 0,002081636 0,001701373
0,00162433 0,002265637 0,00192815 0,002101795 0,001731665
0,00155139 0,002473882 0,001968586 0,002142519 0,001772736
0,001545854 0,002566753 0,001871142 0,002046651 0,001728599
0,001433284 0,002383927 0,001811907 0,002041268 0,001753748
0,001433284 0,002383927 0,001811907 0,002041268 0,001753748
0,001410943 0,002476544 0,001905262 0,002044087 0,001734851
0,001472603 0,002424025 0,001863956 0,002034242 0,001672084
0,001433359 0,002548118 0,001884709 0,002051414 0,001672481
0,001312802 0,002668675 0,001865508 0,001927824 0,001589787
0,001122239 0,002744244 0,001710849 0,001830185 0,001469874
0,001122239 0,002744244 0,001710849 0,001830185 0,001469874
0,001126743 0,0023691 0,0017403 0,001844724 0,001509562
0,001230089 0,0024126 0,001756983 0,001846209 0,0015158
0,001304298 0,002376219 0,001756867 0,001865863 0,001524363
0,001322959 0,002329743 0,00174698 0,001875958 0,001525974
0,001313806 0,002323176 0,001748001 0,001874296 0,001526463
0,001311391 0,002360296 0,00175904 0,001878527 0,001533496
0,001311391 0,002360296 0,00175904 0,001878527 0,001533496
0,001314012 0,002389267 0,001752754 0,001864325 0,001522532
0,00132414 0,002385894 0,001759627 0,001871158 0,001530648
0,001333093 0,002338924 0,001770614 0,001867307 0,001530403
0,001322602 0,002291887 0,001771049 0,001863034 0,001529767
0,001321297 0,002264858 0,001767099 0,001859575 0,001525074
0,001321297 0,002264858 0,001767099 0,001859575 0,001525074
0,001312156 0,002215857 0,001754813 0,00184388 0,001509121
0,001311005 0,002208238 0,00175007 0,001841293 0,00150508
0,001310299 0,002208176 0,001744427 0,001839889 0,001501905
0,001304088 0,002213754 0,001733807 0,001833474 0,001494735
0,001302038 0,00221946 0,001729869 0,001832144 0,001492671
0,001302038 0,00221946 0,001729869 0,001832144 0,001492671
0,001299284 0,002248899 0,001726079 0,001824195 0,001487448
0,001300177 0,002268547 0,001726654 0,001822888 0,001487236
0,001301455 0,0022732 0,001728675 0,00182162 0,001487484
0,001305388 0,002276467 0,001730293 0,001822334 0,001488684
0,001308508 0,002274061 0,001729032 0,0018234 0,001488938
0,001308508 0,002274061 0,001729032 0,0018234 0,001488938
0,001310854 0,002267263 0,001726341 0,001822953 0,001487532
0,001310149 0,002267308 0,001726957 0,00182483 0,001488945
0,001310586 0,002266631 0,001727487 0,001825449 0,001489545
0,001310503 0,002264026 0,001728808 0,001827279 0,001491384
0,00130884 0,002262519 0,00172723 0,00182682 0,001490465
0,00130711 0,002258826 0,001720936 0,001822765 0,001485167
0,00130711 0,002258826 0,001720936 0,001822765 0,001485167
0,001308315 0,002261476 0,001716835 0,001817679 0,001480292
0,001307226 0,002265083 0,001713348 0,001813099 0,001476074
0,001308808 0,002274393 0,00171379 0,001811947 0,001475503
0,001310176 0,002277463 0,001715472 0,001812543 0,00147666
0,001308247 0,00227013 0,001713884 0,00181024 0,001474621
0,001308247 0,00227013 0,001713884 0,00181024 0,001474621
0,001308458 0,002264287 0,001713796 0,001808025 0,001473527
0,001308799 0,002262597 0,001712562 0,001807869 0,001472941
0,001319165 0,00226495 0,001707829 0,001798387 0,0014646
0,001315963 0,002264309 0,001709756 0,001800461 0,001466612
0,001115495 0,002392138 0,001585539 0,001731691 0,001364735
0,001115932 0,002395705 0,001583792 0,001730767 0,001363489
0,00111601 0,002401638 0,001584877 0,00173163 0,001364345
0,001115188 0,002401998 0,001583878 0,001731823 0,001364016
0,001115632 0,002403457 0,001583886 0,001732078 0,001364271
0,001115632 0,002403457 0,001583886 0,001732078 0,001364271
0,001115059 0,002410361 0,001588862 0,001733695 0,001366529
0,00111456 0,002409358 0,00158835 0,001733483 0,00136623
0,001115614 0,002409022 0,001586824 0,00173227 0,001364937
0,001115899 0,002412443 0,001586691 0,001732549 0,001364814
0,001115899 0,002412443 0,001586691 0,001732549 0,001364814
0,001119059 0,002400479 0,001583301 0,001731053 0,001362624
0,001121849 0,002394008 0,001582484 0,00172913 0,001361414
0,001134394 0,002378302 0,001577658 0,001732608 0,001364436
0,001148052 0,002361404 0,001571768 0,001733245 0,001364206
0,001151203 0,002343907 0,001570279 0,001728938 0,001359902
0,001151203 0,002343907 0,001570279 0,001728938 0,001359902
0,001146914 0,002316622 0,001571667 0,001725608 0,001355542
0,001144557 0,002316914 0,001571283 0,001724029 0,001353097
0,001143333 0,002314281 0,00156934 0,001718412 0,001348372
0,001141457 0,002349074 0,001582144 0,001712348 0,001346866
0,001128114 0,002387662 0,001576257 0,001709706 0,001344751
0,001128114 0,002387662 0,001576257 0,001709706 0,001344751
0,001128673 0,002352129 0,001562438 0,001739332 0,001357156
0,00113273 0,002329804 0,001539752 0,001730611 0,001345171
0,00114412 0,002286122 0,001513176 0,001703302 0,001319973
0,001167568 0,002262978 0,001489609 0,001690207 0,00130619
0,00120985 0,00220247 0,001453522 0,001655284 0,001272781
0,00120985 0,00220247 0,001453522 0,001655284 0,001272781
0,001100691 0,002168826 0,001420402 0,001642469 0,001249481
0,001003054 0,002404222 0,001501051 0,001705747 0,001317057
0,0009945369 0,002618587 0,001580284 0,001787934 0,001391096
0,001027073 0,002870761 0,001641504 0,001840288 0,001440955
0,001137005 0,002784226 0,001690569 0,001924984 0,001511517
0,001137005 0,002784226 0,001690569 0,001924984 0,001511517
0,001221052 0,002498914 0,001834376 0,00199026 0,001620041
0,001212335 0,0024689 0,001871169 0,002043375 0,001661923
0,001257579 0,002380189 0,001860057 0,001968111 0,001625144
0,001254383 0,002470762 0,001879634 0,00190998 0,001615018
0,001269604 0,002455118 0,001861467 0,001831157 0,001570735
0,001269604 0,002455118 0,001861467 0,001831157 0,001570735
0,001285991 0,00241294 0,00187228 0,0018319 0,001584789
0,001361995 0,002425822 0,001837237 0,001817473 0,001560696
0,001383283 0,002448915 0,001801166 0,001786663 0,001527756
0,001403327 0,002611706 0,001787795 0,001751549 0,001490386
0,001403327 0,002611706 0,001787795 0,001751549 0,001490386
0,001328868 0,002725014 0,001751084 0,001777031 0,001472521
0,001325726 0,002701213 0,001721217 0,00176327 0,001451315
0,001343441 0,002696902 0,001693979 0,001748096 0,001436409
0,001343709 0,00264798 0,001658565 0,001732747 0,001419066
0,001394223 0,002674824 0,001669368 0,001702423 0,001418557
0,001394223 0,002674824 0,001669368 0,001702423 0,001418557
0,001224399 0,002879051 0,001696355 0,001781817 0,001459053
0,001085903 0,003134889 0,001697402 0,001789727 0,001449363
0,00105418 0,003258266 0,001757502 0,001757571 0,001454479
0,0009956097 0,003181625 0,001775732 0,001724269 0,001432611
0,0009821414 0,003140527 0,00175353 0,001743825 0,001446608
0,0009821414 0,003140527 0,00175353 0,001743825 0,001446608
0,00101402 0,002543225 0,001709581 0,001780533 0,001460705
0,001088028 0,002460435 0,001707054 0,001774392 0,00145372
0,00117319 0,002501737 0,001714215 0,001768225 0,001451918
0,001228559 0,002572603 0,00170493 0,001767322 0,001445788
0,001247683 0,002550869 0,001702948 0,001783958 0,001450346
0,001247683 0,002550869 0,001702948 0,001783958 0,001450346
0,001284236 0,002407659 0,001698115 0,001810656 0,00145927
0,001300318 0,002283876 0,001658276 0,001816112 0,001441517
0,001314788 0,002296897 0,00165083 0,001830036 0,001445347
0,001306925 0,002271516 0,001626425 0,001847983 0,001444423
0,001320469 0,002216547 0,001589808 0,001821895 0,001417854
0,001320469 0,002216547 0,001589808 0,001821895 0,001417854
0,001337049 0,002152364 0,001585672 0,001809058 0,001399788
0,001334491 0,002249326 0,001595809 0,001813907 0,001410211
0,001312086 0,002433648 0,001617652 0,00182894 0,001430594
0,001326952 0,002477861 0,001635664 0,001846365 0,001451115
0,001326952 0,002477861 0,001635664 0,001846365 0,001451115
0,001329211 0,002377574 0,001638032 0,001834117 0,001452345
0,001332577 0,002323101 0,001662556 0,001836311 0,00146438
0,001315346 0,002324596 0,001691064 0,001845438 0,001479833
0,001290997 0,002354098 0,001710029 0,001846291 0,001486174
0,001297435 0,002411662 0,001736538 0,001847456 0,001497164
0,001297435 0,002411662 0,001736538 0,001847456 0,001497164
0,001169944 0,002507245 0,001684257 0,001812265 0,001447462
0,001123957 0,002625764 0,001661828 0,001788664 0,001428315
0,00106417 0,002760822 0,001660106 0,001777034 0,001428875
0,001091668 0,002893228 0,001683368 0,001747302 0,00142885
0,001034892 0,003013397 0,001718473 0,001752817 0,001455723
0,001034892 0,003013397 0,001718473 0,001752817 0,001455723
0,0008577274 0,003067097 0,001826942 0,001802406 0,001529713
0,0008668921 0,003024528 0,001961467 0,001818508 0,001562662
0,0008695602 0,002922701 0,001996965 0,00181422 0,001558156
0,000882192 0,002853429 0,001958659 0,001720294 0,001486708
0,0008581061 0,002707538 0,001866088 0,001659632 0,001418883
0,0008581061 0,002707538 0,001866088 0,001659632 0,001418883
0,0007443776 0,002351175 0,002022597 0,001813614 0,001610847
0,0006866807 0,002301814 0,002048236 0,001838953 0,001657879
0,0006026019 0,002355107 0,002106961 0,001880815 0,001708729
0,0004589583 0,002457425 0,002164155 0,001943676 0,00179245
0,0003850196 0,002523658 0,002259898 0,002019671 0,001872434
0,0003850196 0,002523658 0,002259898 0,002019671 0,001872434
0,0001877412 0,002970584 0,002610834 0,002112805 0,002027496
0,0001834218 0,003160912 0,002613571 0,002097991 0,002081563
0,002163924 0,002184534 0,001560485 0,001485491 0,001229358
0,001598924 0,002769245 0,0017468 0,001725785 0,001381794
0,001526595 0,002714122 0,001798752 0,001646635 0,001379106
0,001526595 0,002714122 0,001798752 0,001646635 0,001379106
0,001354026 0,002433345 0,001887329 0,001896937 0,001613674
0,001328295 0,002497852 0,001887361 0,001886531 0,001632916
0,00112992 0,002866795 0,001786792 0,001803173 0,001504739
0,00114327 0,003033593 0,00174976 0,001737841 0,001436524
0,00114327 0,003033593 0,00174976 0,001737841 0,001436524
0,0009698555 0,003354881 0,001778336 0,001874705 0,001540372
0,0009384158 0,003271847 0,001721787 0,001801574 0,001473342
0,0009451601 0,003422611 0,001753747 0,001754306 0,001455591
0,001006529 0,003427046 0,001639986 0,00168701 0,001384032
0,001091133 0,002965866 0,001541881 0,001657364 0,001321072
0,001091133 0,002965866 0,001541881 0,001657364 0,001321072
0,001141664 0,001978811 0,001500684 0,001647115 0,001288771
0,001199268 0,002298275 0,00156187 0,001693264 0,00133685
0,001240881 0,002461169 0,001640241 0,001746085 0,001400935
0,001248714 0,002452319 0,001661313 0,001768105 0,001423706
0,001263331 0,002446491 0,001671677 0,001777173 0,001434587
0,001263331 0,002446491 0,001671677 0,001777173 0,001434587
0,001310982 0,002403027 0,001703785 0,001810644 0,001467273
0,001303629 0,002401165 0,001699877 0,001812941 0,001467556
0,001295896 0,002408119 0,001706793 0,001819 0,001474199
0,001286339 0,002388183 0,001699793 0,001816568 0,00146881
0,001284092 0,002361787 0,001690544 0,001814609 0,00146347
0,001284092 0,002361787 0,001690544 0,001814609 0,00146347
0,001261476 0,002451345 0,001676168 0,001813902 0,001456602
0,001254725 0,002444333 0,001671591 0,00181353 0,001455452
0,001255509 0,002416284 0,001674534 0,001815535 0,001460283
0,001261807 0,002413127 0,001680769 0,001819305 0,001466075
0,001267927 0,002394279 0,001677151 0,001816002 0,001462611
0,001267927 0,002394279 0,001677151 0,001816002 0,001462611
0,001267134 0,002327446 0,0016477 0,001797633 0,00143863
0,001283503 0,002303859 0,001659143 0,001799655 0,001443593
0,001286566 0,002317056 0,001663147 0,001798802 0,001443813
0,001293413 0,002295143 0,001670238 0,001801749 0,001451313
0,001296223 0,002259495 0,001662673 0,001794479 0,001442277
0,001296223 0,002259495 0,001662673 0,001794479 0,001442277
0,001261685 0,002178849 0,001647554 0,001794239 0,001437821
0,001274587 0,002172271 0,001643273 0,001789414 0,001432716
0,001271154 0,002176679 0,001642825 0,001791524 0,001434274
0,001247908 0,002212615 0,001633332 0,00178981 0,001425126
0,001247908 0,002212615 0,001633332 0,00178981 0,001425126
0,001194286 0,002224772 0,001575595 0,001772336 0,001383858
0,001168889 0,002285019 0,001541209 0,001778436 0,001369229
0,001158301 0,002326265 0,001517093 0,00178537 0,001363085
0,001186855 0,002308985 0,001511041 0,001791186 0,001365541
0,001206217 0,002269521 0,001508545 0,001785748 0,001359479
0,001206217 0,002269521 0,001508545 0,001785748 0,001359479
0,001224982 0,002348343 0,001508612 0,001780658 0,001362868
0,001212002 0,002420716 0,001531215 0,001788854 0,001378357
0,001186677 0,002516675 0,001581624 0,0018051 0,001406476
0,001176405 0,002582531 0,001590944 0,001805777 0,00141514
0,001148594 0,002618648 0,00160921 0,00180582 0,001426354
0,001148594 0,002618648 0,00160921 0,00180582 0,001426354
0,001104916 0,002711151 0,001604819 0,00176661 0,001404513
0,001058499 0,002975253 0,001615413 0,001740825 0,001398499
0,0009685521 0,003229679 0,00170903 0,001748919 0,001439444
0,0008079155 0,003394451 0,001929637 0,001796391 0,001486629
0,0006605991 0,003368799 0,002030644 0,001841881 0,001534622
0,0006605991 0,003368799 0,002030644 0,001841881 0,001534622
0,0008251987 0,003161344 0,002096593 0,001968964 0,001609644
0,000965242 0,0029545 0,002039445 0,001979202 0,001620718
0,001149759 0,002556744 0,001973074 0,002068216 0,001677545
0,001184333 0,002365913 0,00196044 0,002113348 0,001715885
0,001132598 0,002439762 0,001955435 0,002106402 0,001720825
0,001132598 0,002439762 0,001955435 0,002106402 0,001720825
0,001107534 0,002524544 0,001902934 0,002069279 0,001685834
0,001106226 0,002511969 0,001878229 0,002030927 0,0016537
0,001106012 0,002563561 0,001870228 0,001998817 0,001630971
0,00114332 0,00260588 0,001862721 0,001954955 0,001605936
0,00121871 0,002782231 0,001862413 0,001905426 0,001586635
0,00121871 0,002782231 0,001862413 0,001905426 0,001586635
0,00126414 0,00293339 0,001793326 0,001910418 0,001559645
0,001189709 0,002933482 0,001630417 0,001790763 0,00143376
0,001118234 0,002841847 0,001593063 0,001722837 0,001370302
0,0009904442 0,002622992 0,001548247 0,001655916 0,001301574
0,0009904442 0,002622992 0,001548247 0,001655916 0,001301574
0,0009836566 0,002266991 0,001490652 0,001611818 0,001250008
0,001009751 0,002155697 0,001471651 0,001597284 0,001234585
0,001041204 0,002164006 0,001463461 0,001628717 0,001247284
0,001085791 0,002237408 0,00145279 0,001666065 0,001262662
0,001107833 0,002353754 0,00144166 0,001689319 0,001272216
0,001107833 0,002353754 0,00144166 0,001689319 0,001272216
0,001119376 0,002452662 0,001448948 0,001720319 0,001296858
0,001124108 0,002453836 0,001460116 0,001733391 0,001311056
0,001136662 0,002377936 0,001476783 0,001745038 0,001326668
0,001150256 0,002337918 0,001488796 0,001760291 0,00134386
0,001163377 0,002392728 0,001497287 0,001789692 0,001368963
0,001163377 0,002392728 0,001497287 0,001789692 0,001368963
0,001203446 0,002424437 0,001522879 0,001797506 0,001386231
0,001201084 0,002487783 0,001534933 0,001795974 0,00139276
0,00120328 0,002465183 0,001544607 0,001799224 0,001399087
0,001215319 0,002493306 0,001558288 0,001798713 0,001404486
0,00122503 0,002475622 0,001575801 0,001812008 0,00141854
0,00122503 0,002475622 0,001575801 0,001812008 0,00141854
0,001263374 0,002494157 0,001614733 0,001831906 0,001446927
0,001274438 0,002496359 0,001633933 0,001835534 0,001456336
0,001298011 0,002314927 0,001643632 0,001838567 0,001460893
0,001335905 0,002179884 0,001660064 0,001842219 0,001469629
0,001378625 0,002136268 0,001681844 0,001845336 0,001483419
0,001378625 0,002136268 0,001681844 0,001845336 0,001483419
0,001417836 0,00211193 0,001711165 0,001854004 0,001502932
0,001421569 0,00212332 0,00172713 0,001862736 0,001515711
0,001420789 0,002133301 0,001738057 0,001865603 0,001523716
0,001413515 0,002141853 0,001741752 0,00186228 0,001524197
0,001413705 0,002147369 0,001744708 0,001861892 0,001526784
0,001413705 0,002147369 0,001744708 0,001861892 0,001526784
0,001423034 0,002162808 0,001749696 0,00185805 0,00152733
0,001427881 0,002177097 0,001753426 0,001857513 0,001527565
0,001430837 0,002194033 0,001751062 0,001852589 0,001522446
0,001426653 0,002204402 0,001744745 0,001849357 0,00151686
0,001426653 0,002204402 0,001744745 0,001849357 0,00151686
0,001399956 0,00219343 0,001731142 0,001857449 0,001517593
0,001385143 0,002204489 0,001722231 0,001857295 0,001514489
0,001361607 0,002243313 0,001714353 0,001861283 0,001513523
0,001338548 0,002305758 0,001696515 0,001855054 0,001501276
0,001308775 0,002378906 0,00168383 0,001843648 0,001487269
0,001308775 0,002378906 0,00168383 0,001843648 0,001487269
0,00121097 0,002509979 0,001650691 0,001845816 0,001472768
0,00119816 0,002565401 0,001648116 0,00184391 0,001471498
0,001179343 0,002644789 0,001652953 0,001838026 0,001464021
0,001172086 0,002654266 0,001641085 0,001841514 0,001459211
0,001170864 0,002666258 0,001637069 0,001842415 0,001456641
0,001170864 0,002666258 0,001637069 0,001842415 0,001456641
0,001156978 0,00267767 0,001625874 0,001838908 0,001448527
0,001156068 0,002664131 0,001623228 0,001838695 0,001447126
0,001156585 0,002620514 0,001619402 0,001836995 0,001444808
0,001158707 0,002579044 0,001615491 0,001832721 0,001441105
0,001153198 0,002553621 0,001615331 0,001831378 0,001440268
0,001153198 0,002553621 0,001615331 0,001831378 0,001440268
0,001145452 0,002550044 0,00161859 0,001827286 0,001438873
0,001141181 0,002542541 0,001615086 0,00182694 0,00143783
0,001143369 0,002545661 0,0016173 0,001826628 0,001437912
0,001151201 0,002567831 0,001614681 0,001826939 0,001438411
0,001152029 0,002567723 0,001610322 0,001830982 0,001438919
0,001152029 0,002567723 0,001610322 0,001830982 0,001438919
0,001166012 0,002571627 0,00160749 0,001830747 0,001438151
0,001165903 0,002571797 0,001604047 0,001830934 0,001436671
0,00116481 0,002584463 0,001603623 0,00182829 0,001435139
0,001165548 0,002584099 0,001604868 0,001827598 0,001435653
0,001168623 0,002583445 0,001607131 0,001825031 0,001435168
0,001168623 0,002583445 0,001607131 0,001825031 0,001435168
0,001164321 0,00258491 0,001608591 0,001825183 0,001435229
0,001165531 0,002585027 0,001609202 0,00182367 0,001434546
0,001160699 0,002595382 0,001610398 0,001823961 0,001435121
0,001155818 0,002600091 0,001611192 0,001825001 0,001436082
0,001155818 0,002600091 0,001611192 0,001825001 0,001436082
0,001145296 0,002622384 0,001611954 0,001827687 0,001438557
0,001141563 0,002626216 0,001611642 0,001827471 0,001438402
0,001140779 0,002619558 0,001612158 0,001828389 0,001439151
0,001137998 0,002620727 0,001611934 0,001828102 0,001439123
0,001138242 0,002629553 0,001624022 0,001830709 0,001441546
0,001138242 0,002629553 0,001624022 0,001830709 0,001441546
0,001141501 0,002614483 0,00161385 0,001825698 0,00143781
0,001144739 0,002601215 0,001610233 0,001824556 0,001436648
0,001146392 0,002596514 0,001609695 0,001824439 0,001436488
0,001152048 0,002579563 0,001611314 0,001827136 0,001438812
0,001159468 0,002565384 0,001616866 0,001829102 0,001442528
0,001159468 0,002565384 0,001616866 0,001829102 0,001442528
0,001170313 0,002539471 0,001621241 0,001828325 0,001444285
0,001174962 0,002524246 0,001622599 0,001827543 0,001444365
0,001176977 0,002510159 0,001624774 0,001829767 0,001446499
0,001178839 0,002491621 0,00162347 0,001829826 0,001445968
0,00118207 0,002477905 0,001623777 0,001829016 0,001445995
0,00118207 0,002477905 0,001623777 0,001829016 0,001445995
0,001185655 0,002461071 0,001622826 0,00182431 0,001441896
0,001185533 0,002456729 0,001619537 0,001821892 0,001439843
0,001184399 0,002459913 0,001618853 0,001821637 0,001439689
0,001182731 0,002471783 0,00161801 0,001819903 0,001438787
0,001181274 0,002483563 0,001618316 0,001820177 0,001437759
0,001181274 0,002483563 0,001618316 0,001820177 0,001437759
0,001177421 0,002497915 0,001616315 0,001820259 0,001437441
0,001175672 0,002504949 0,001616573 0,001820352 0,001437446
0,001175676 0,002505823 0,00161771 0,001820521 0,001437942
0,001176011 0,00251317 0,00161921 0,001820059 0,001438186
0,001176011 0,00251317 0,00161921 0,001820059 0,001438186
0,001171243 0,002533343 0,001621211 0,001822681 0,00143925
0,001172238 0,002526383 0,001621377 0,001823344 0,001440085
0,001173607 0,002511927 0,001618195 0,00182129 0,001437719
0,001171934 0,00250368 0,001615945 0,001821221 0,00143664
0,001172019 0,002488783 0,001612789 0,001820318 0,00143464
0,001172019 0,002488783 0,001612789 0,001820318 0,00143464
0,001176672 0,002473301 0,001613712 0,001818329 0,001434
0,001175172 0,002475501 0,0016149 0,001819312 0,001435272
0,001175192 0,002482717 0,001618957 0,00182164 0,001436887
0,001175446 0,002485458 0,001618719 0,001821996 0,001437421
0,001177461 0,002488105 0,001619975 0,001822301 0,001437341
0,001177461 0,002488105 0,001619975 0,001822301 0,001437341
0,001177189 0,002490087 0,001617273 0,001821448 0,001437635
0,001177583 0,002488978 0,001615866 0,0018205 0,001437323
0,001177066 0,002497843 0,001616581 0,001820591 0,001438264
0,001177325 0,00250396 0,001617468 0,001818691 0,001437821
0,001178415 0,002508588 0,001620778 0,001820558 0,001440805
0,001178415 0,002508588 0,001620778 0,001820558 0,001440805
0,001176229 0,002511207 0,00162494 0,001825676 0,001446033
0,001178011 0,002503902 0,001625626 0,001825775 0,001446518
0,001178939 0,002505619 0,001627934 0,00182689 0,001446699
0,00118003 0,002510448 0,001629076 0,00182514 0,00144666
0,001176971 0,002512565 0,001628949 0,00182482 0,001447145
0,001176971 0,002512565 0,001628949 0,00182482 0,001447145
0,001171938 0,002514335 0,001632655 0,001829358 0,001449359
0,001169732 0,00250864 0,00162855 0,001826756 0,001447458
0,001168725 0,002503898 0,0016263 0,001826149 0,001446292
0,001167361 0,002499863 0,00162212 0,001825187 0,001444309
0,001167361 0,002499863 0,00162212 0,001825187 0,001444309
0,001169774 0,002491875 0,001618685 0,001821462 0,001441211
0,001170563 0,002490829 0,001618407 0,001821506 0,00144128
0,001170811 0,002492207 0,001617588 0,001820702 0,001440634
0,001170369 0,002492463 0,001617274 0,001820932 0,001440535
0,00117144 0,002486317 0,001616473 0,001821677 0,001440551
0,00117144 0,002486317 0,001616473 0,001821677 0,001440551
0,001177384 0,002484694 0,001618449 0,001820773 0,00144093
0,001177667 0,002489582 0,001624641 0,0018244 0,001443734
0,001162767 0,002171382 0,001465694 0,001651878 0,001273909
0,001166705 0,002170695 0,001469403 0,001653969 0,001276794
0,001171051 0,002155958 0,001469892 0,001654348 0,001277466
0,001178342 0,002149403 0,001471861 0,001655797 0,001279669
0,001178342 0,002149403 0,001471861 0,001655797 0,001279669
0,001181826 0,002133119 0,00146599 0,00165328 0,001276556
0,001177285 0,002129402 0,001461974 0,001648203 0,001271867
0,001168057 0,002129887 0,00145884 0,001644083 0,001268058
0,001150242 0,002127883 0,001451145 0,001636648 0,0012607
0,001095156 0,002173002 0,001460136 0,00163262 0,001261166
0,001095156 0,002173002 0,001460136 0,00163262 0,001261166
0,0009974983 0,002262666 0,001471621 0,001638286 0,001265883
0,0009386509 0,002379505 0,001519504 0,001661431 0,001296044
0,0009064135 0,002521462 0,001621903 0,001761778 0,00138308
0,0009545919 0,002688761 0,001699927 0,001851207 0,00145547
0,001037182 0,002751002 0,001771578 0,001924825 0,001524552
0,001037182 0,002751002 0,001771578 0,001924825 0,001524552
0,001355223 0,002505067 0,001821272 0,002032312 0,001611711
0,001371183 0,002414652 0,001819489 0,002008298 0,001607012
0,001380801 0,002342892 0,001832303 0,001993152 0,001616647
0,001363226 0,002241829 0,00180097 0,001950702 0,001597542
0,001342607 0,002163591 0,001767621 0,001920337 0,001575587
0,001342607 0,002163591 0,001767621 0,001920337 0,001575587
0,001335663 0,002255532 0,001729494 0,00180206 0,001514404
0,00139969 0,002411167 0,001742568 0,001787409 0,001494589
0,001437399 0,002460767 0,001745016 0,001796434 0,001491015
0,001429102 0,002405894 0,00174633 0,001805095 0,001490329
0,001383911 0,002376239 0,001730705 0,00167902 0,001415668
0,001383911 0,002376239 0,001730705 0,00167902 0,001415668
0,0009811132 0,002546786 0,001728505 0,001794454 0,001484397
0,001087023 0,002393232 0,001657907 0,001748613 0,001423492
0,001191411 0,002389211 0,001634978 0,001776803 0,001422791
0,001284397 0,002320528 0,00162043 0,001789063 0,001416796
0,001284397 0,002320528 0,00162043 0,001789063 0,001416796
0,001360274 0,002201842 0,001573638 0,001769814 0,001390166
0,001409015 0,002227474 0,00163132 0,001807377 0,001428813
0,001426236 0,002184548 0,001629563 0,001811258 0,001434261
0,001395239 0,002152333 0,001617186 0,001813578 0,001431712
0,001411926 0,002200291 0,001638097 0,001839074 0,001440878
0,001411926 0,002200291 0,001638097 0,001839074 0,001440878
0,001402983 0,002241742 0,001629725 0,001833629 0,00144555
0,001444649 0,00221968 0,001638029 0,001824888 0,001450191
0,001453643 0,002245973 0,001650553 0,001822423 0,001456081
0,001437122 0,002305957 0,0016398 0,001811029 0,001447796
0,001384163 0,002436585 0,001643719 0,001786236 0,001431507
0,001384163 0,002436585 0,001643719 0,001786236 0,001431507
0,001232619 0,002518188 0,001616584 0,001770809 0,001407307
0,001265702 0,002614346 0,001651398 0,001739288 0,001406163
0,001113135 0,002733465 0,001691282 0,001725642 0,001412647
0,001028371 0,002903527 0,001741255 0,001721161 0,001429084
0,0009417573 0,003075622 0,001894459 0,001724097 0,001465494
0,0009417573 0,003075622 0,001894459 0,001724097 0,001465494
0,000803883 0,002751775 0,00199347 0,001809109 0,001570674
0,0007801196 0,002497009 0,002032615 0,001900574 0,001661274
0,0008908855 0,002225931 0,002017607 0,002047234 0,001711512
0,001056726 0,00207635 0,001977348 0,002102897 0,00173351
0,001366123 0,002107512 0,001909707 0,002075842 0,001652792
0,001366123 0,002107512 0,001909707 0,002075842 0,001652792
0,001477007 0,002382608 0,001818772 0,001900677 0,001551609
0,001439117 0,002402092 0,001756105 0,001816138 0,001502235
0,001489142 0,002422109 0,001734842 0,001794275 0,001485233
0,001559085 0,002429098 0,001781378 0,001802429 0,001492499
0,001542214 0,002452173 0,001783319 0,001782037 0,001468624
0,001542214 0,002452173 0,001783319 0,001782037 0,001468624
0,001526219 0,002435232 0,001720404 0,00180969 0,001475128
0,001518743 0,002383185 0,001702762 0,001798507 0,001479644
0,00164968 0,002430046 0,001705175 0,001779674 0,001460763
0,001588424 0,002434803 0,001688332 0,001783934 0,001452161
0,001588424 0,002434803 0,001688332 0,001783934 0,001452161
0,001187846 0,003203607 0,001706342 0,001834954 0,0014799
0,0009703601 0,003259519 0,001707287 0,001797867 0,001462304
0,000833556 0,003837183 0,001693867 0,001740525 0,001428002
0,0007910033 0,003947099 0,001704373 0,001731523 0,00144466
0,0008709772 0,003764451 0,001744376 0,001762795 0,001481463
0,0008709772 0,003764451 0,001744376 0,001762795 0,001481463
0,001147238 0,002238403 0,001642552 0,001794188 0,001453816
0,001284636 0,002424871 0,001626407 0,00177663 0,001426746
0,001324675 0,002695425 0,001626443 0,001794062 0,001428891
0,001360784 0,002614065 0,001639428 0,001787575 0,001417533
0,001357985 0,002437419 0,001652261 0,001824321 0,001437552
0,001357985 0,002437419 0,001652261 0,001824321 0,001437552
0,001331988 0,002454248 0,001701121 0,001850286 0,001446204
0,001361697 0,002464197 0,001734865 0,001854578 0,001449212
0,001384172 0,00240559 0,001732167 0,001878321 0,001475751
0,001405372 0,002444512 0,001714301 0,001885457 0,00149067
0,001390171 0,002479627 0,00170033 0,001887965 0,001500073
0,001390171 0,002479627 0,00170033 0,001887965 0,001500073
0,001397952 0,002463554 0,001681586 0,00185845 0,001489113
0,001386905 0,002567737 0,001684508 0,001852612 0,001494576
0,001341451 0,002750743 0,001701233 0,001855511 0,001501534
0,001329995 0,002716217 0,001688445 0,001831232 0,001483827
0,00133192 0,002530654 0,001664406 0,001797535 0,001454952
0,00133192 0,002530654 0,001664406 0,001797535 0,001454952
0,001241935 0,002360778 0,001613851 0,001781388 0,001415935
0,001175978 0,002469391 0,00157809 0,001746024 0,001383579
0,001109348 0,002835634 0,001638886 0,00170803 0,001378516
0,001003524 0,003259727 0,001736361 0,001713667 0,001406246
0,0008522548 0,003336305 0,001864764 0,001700285 0,001426424
0,0008522548 0,003336305 0,001864764 0,001700285 0,001426424
0,0007089176 0,002985076 0,002080223 0,001787361 0,001532717
0,0007286334 0,002698981 0,002107314 0,001905938 0,001644885
0,0007652532 0,002481165 0,002163833 0,002061298 0,001752404
0,0009321521 0,002107955 0,001999422 0,002184659 0,001775079
0,0009321521 0,002107955 0,001999422 0,002184659 0,001775079
0,001257972 0,002224626 0,001903998 0,00209386 0,001689281
0,00132244 0,002359431 0,001886331 0,002072191 0,001661341
0,001389138 0,002405964 0,001839179 0,00204252 0,001624858
0,001258816 0,002517589 0,001788026 0,001990847 0,001576523
0,001001538 0,002603598 0,001753836 0,001935705 0,0015256
0,001001538 0,002603598 0,001753836 0,001935705 0,0015256
0,001017508 0,002287359 0,001498492 0,001668115 0,001294706
0,001081748 0,002288849 0,001391085 0,001659787 0,001249985
0,00116435 0,002250326 0,001440026 0,001702401 0,001300097
0,001246033 0,002308515 0,001492255 0,001739132 0,001348338
0,001271799 0,002340088 0,001523461 0,001754618 0,001369431
0,001271799 0,002340088 0,001523461 0,001754618 0,001369431
0,001224786 0,002409215 0,001543071 0,001751776 0,001373804
0,001221471 0,002367427 0,001524721 0,00173887 0,001360323
0,001228858 0,002295172 0,001486401 0,0016996 0,001318709
0,001203016 0,002234558 0,001463294 0,001650983 0,001272837
0,001031479 0,002554637 0,00166469 0,001774057 0,001399199
0,001031479 0,002554637 0,00166469 0,001774057 0,001399199
0,001108433 0,002556494 0,00176922 0,001973496 0,001559835
0,00125319 0,002329984 0,001844153 0,002042658 0,001624378
0,00125787 0,002290823 0,001930698 0,002062643 0,00168316
0,001300547 0,002397442 0,001949869 0,001960879 0,001647025
0,001275409 0,00238638 0,001861076 0,001871922 0,001572222
0,001275409 0,00238638 0,001861076 0,001871922 0,001572222
0,001357254 0,002357436 0,001822496 0,001799993 0,001526583
0,001351529 0,00237825 0,001808662 0,001774091 0,001514089
0,00132818 0,002484726 0,001813202 0,001782565 0,001500614
0,001308322 0,002486101 0,001843232 0,001948628 0,001588256
0,001308322 0,002486101 0,001843232 0,001948628 0,001588256
0,001112146 0,002598952 0,001804209 0,001909666 0,001546246
0,001043554 0,002311678 0,001616901 0,001779452 0,001406589
0,000990122 0,002123853 0,001490372 0,001775331 0,001339203
0,001134273 0,00213318 0,001491733 0,001739091 0,001336395
0,001200491 0,002091577 0,001527144 0,001780215 0,001379092
0,001200491 0,002091577 0,001527144 0,001780215 0,001379092
0,001230846 0,002114488 0,001524066 0,001696443 0,001331329
0,001078629 0,002097233 0,00146562 0,001643796 0,001268341
0,001042074 0,002181201 0,001548404 0,001715673 0,001344121
0,001056363 0,002416759 0,001707778 0,001945354 0,001524275
0,001280688 0,0023763 0,00180642 0,002074974 0,001645733
0,001280688 0,0023763 0,00180642 0,002074974 0,001645733
0,001258722 0,002519386 0,001880035 0,001944829 0,001620995
0,001294247 0,002535692 0,001860563 0,001866971 0,00157264
0,00133226 0,002495362 0,001854907 0,001854109 0,001559772
0,001414193 0,002464772 0,001832793 0,001800298 0,001518317
0,001462108 0,002482934 0,001825383 0,001770952 0,001490489
0,001462108 0,002482934 0,001825383 0,001770952 0,001490489
0,001416587 0,002479713 0,001817694 0,001805342 0,001499911
0,001352473 0,002453363 0,001809594 0,0018285 0,001520851
0,001322403 0,002444542 0,001815958 0,001821281 0,001531761
0,001287863 0,002445758 0,001826873 0,001978888 0,001614252
0,001359862 0,002397695 0,001786354 0,001972554 0,001595046
0,001359862 0,002397695 0,001786354 0,001972554 0,001595046
0,00110208 0,002358175 0,001676751 0,001832352 0,001474119
0,001099245 0,002016303 0,001519167 0,001705111 0,00133413
0,001160286 0,002067854 0,001478692 0,001612043 0,00126175
0,001190644 0,002239953 0,001562158 0,0017039 0,001343243
0,001237279 0,002318237 0,001641074 0,001816845 0,001432849
0,001237279 0,002318237 0,001641074 0,001816845 0,001432849
0,001321686 0,002305808 0,001641823 0,001833308 0,001449065
0,001317476 0,002237657 0,00160727 0,001814852 0,001435524
0,001329574 0,002208501 0,00161004 0,001825672 0,00144951
0,001313918 0,002165029 0,001576958 0,001830412 0,001440597
0,001313918 0,002165029 0,001576958 0,001830412 0,001440597
0,001336496 0,002089507 0,00156104 0,001793009 0,001417056
0,001338263 0,002108801 0,001572688 0,001790894 0,00141698
0,001276368 0,00220024 0,001555726 0,001773968 0,001392225
0,001295723 0,002208401 0,001563879 0,001779589 0,001394211
0,001324125 0,002367859 0,00156035 0,001694452 0,00133933
0,001324125 0,002367859 0,00156035 0,001694452 0,00133933
0,0009603451 0,002638435 0,001564304 0,001677189 0,001314968
0,0008743741 0,002862378 0,001696296 0,001738735 0,001380589
0,0008572023 0,002953613 0,001764146 0,001799892 0,0014401
0,0009027217 0,002958502 0,001830482 0,001893499 0,001516737
0,001008872 0,002784905 0,001900639 0,002018459 0,001614337
0,001008872 0,002784905 0,001900639 0,002018459 0,001614337
0,001319606 0,002096657 0,001873444 0,002108363 0,001665502
0,001339373 0,002058511 0,001857278 0,002089971 0,001654624
0,001302127 0,002188638 0,001844291 0,002019446 0,001626562
0,001316441 0,00227715 0,00183604 0,001933542 0,001584066
0,001325616 0,002340222 0,001813468 0,001892224 0,001568525
0,001325616 0,002340222 0,001813468 0,001892224 0,001568525
0,00134006 0,002408848 0,0017982 0,001921129 0,001577821
0,001376664 0,002446474 0,001735229 0,001914081 0,001550968
0,00131926 0,002577084 0,001694458 0,001866717 0,001504515
0,001274948 0,002557403 0,001607573 0,001678804 0,001363147
0,00112939 0,002331973 0,001507825 0,001547831 0,001253885
0,00112939 0,002331973 0,001507825 0,001547831 0,001253885
0,001113996 0,002005792 0,001496962 0,001642162 0,001294785
0,001215735 0,002290902 0,001574055 0,001701226 0,001355788
0,001300761 0,00245438 0,001650578 0,00177185 0,001424302
0,00133148 0,002468159 0,001686634 0,001801421 0,001455903
0,001332246 0,002306366 0,001695957 0,001873429 0,001495416
0,001332246 0,002306366 0,001695957 0,001873429 0,001495416
0,001337891 0,002110167 0,001631765 0,001797761 0,001435604
0,001330562 0,002067853 0,00158841 0,001778536 0,001415042
0,001322683 0,002083312 0,001582621 0,001807985 0,001426885
0,001319273 0,002106488 0,001550769 0,001781248 0,001400957
0,001319273 0,002106488 0,001550769 0,001781248 0,001400957
0,001233052 0,002130298 0,001468507 0,001679764 0,00130385
0,001221932 0,002180309 0,001501766 0,001678504 0,001314187
0,001180441 0,002278715 0,001516955 0,001660953 0,001311336
0,001107703 0,002497066 0,0015431 0,001656168 0,001319911
0,001164534 0,002758956 0,001626182 0,001640739 0,001347027
0,001164534 0,002758956 0,001626182 0,001640739 0,001347027
0,000803922 0,003084952 0,001732976 0,001751311 0,001439571
0,0007982587 0,003083919 0,001830319 0,001835484 0,001501565
0,0008733897 0,002984957 0,001923008 0,001924994 0,001578258
0,0009649363 0,002839616 0,001932436 0,001989095 0,001622395
0,001306593 0,002338373 0,001929732 0,00208918 0,001701147
0,001306593 0,002338373 0,001929732 0,00208918 0,001701147
0,001463617 0,002015433 0,001764065 0,002018404 0,001612394
0,001394309 0,002171001 0,001740679 0,001952139 0,001574668
0,001354303 0,002368732 0,00175738 0,001914361 0,001566768
0,001350145 0,002455736 0,001754301 0,001855553 0,001532425
0,00134673 0,002538571 0,001742008 0,001853562 0,001526699
0,00134673 0,002538571 0,001742008 0,001853562 0,001526699
0,001430204 0,002520719 0,001697314 0,001895602 0,001529182
0,001267461 0,002923095 0,001664769 0,001799299 0,001465826
0,001098337 0,002728432 0,001570154 0,001689604 0,001363142
0,001164538 0,001951531 0,001473151 0,001524992 0,001222459
0,001261523 0,002171516 0,001547063 0,001564223 0,001272741
0,001261523 0,002171516 0,001547063 0,001564223 0,001272741
0,001320205 0,002375112 0,001637594 0,001764249 0,001416273
0,00133249 0,002357358 0,001647221 0,001801752 0,001438745
0,001321111 0,002204489 0,00162308 0,001804079 0,001432243
0,001309417 0,002155999 0,001622323 0,001859568 0,001464268
0,00133418 0,002117002 0,001600122 0,001808067 0,001434244
0,00133418 0,002117002 0,001600122 0,001808067 0,001434244
0,001351305 0,002005512 0,001542683 0,001761179 0,001393308
0,001352414 0,001976079 0,001522467 0,001755508 0,00137897
0,001333395 0,001970426 0,001503775 0,001745243 0,001361353
0,00133321 0,001978782 0,001506529 0,001745729 0,00136122
0,00133321 0,001978782 0,001506529 0,001745729 0,00136122
0,001299125 0,001995339 0,00149606 0,001729946 0,001344414
0,001289898 0,002005401 0,001498368 0,001730221 0,001345096
0,001283438 0,002018365 0,001501676 0,001731765 0,001347649
0,001280028 0,002028435 0,001501864 0,001732262 0,001347755
0,001280882 0,002031469 0,001502031 0,001732081 0,00134767
0,001280882 0,002031469 0,001502031 0,001732081 0,00134767
0,001285459 0,002042869 0,001510387 0,001734331 0,001351494
0,001289814 0,002047715 0,001516616 0,001736151 0,001354569
0,001288849 0,002069657 0,001526999 0,001739788 0,00135914
0,001283946 0,002076896 0,00153125 0,001741299 0,001362203
0,00127991 0,0020825 0,001536416 0,001744479 0,001366386
0,00127991 0,0020825 0,001536416 0,001744479 0,001366386
0,001277413 0,002078542 0,001539613 0,001746235 0,001368932
0,001282968 0,002073552 0,001541086 0,001743851 0,001367116
0,001286896 0,002064783 0,001539137 0,001740728 0,001364729
0,001286876 0,002055107 0,001535004 0,001739379 0,001362901
0,001274442 0,002053094 0,001529081 0,001742617 0,001363507
0,001274442 0,002053094 0,001529081 0,001742617 0,001363507
0,00125299 0,002062885 0,001520658 0,001744895 0,00136323
0,001248373 0,00207894 0,001517061 0,001745098 0,00136358
0,001254929 0,002093065 0,001518129 0,001742199 0,001361672
0,001265224 0,002099566 0,001522883 0,001741027 0,001362927
0,001272133 0,002098077 0,001526326 0,001743504 0,001365883
0,001272133 0,002098077 0,001526326 0,001743504 0,001365883
0,001282575 0,002110951 0,00153737 0,001749886 0,001373214
0,001283729 0,002104824 0,001538903 0,001753728 0,001376091
0,001283986 0,002098514 0,001538343 0,001754636 0,001376101
0,001283557 0,002099834 0,001536503 0,001752977 0,00137389
0,001283557 0,002099834 0,001536503 0,001752977 0,00137389
0,00128126 0,002097366 0,001530975 0,00174892 0,001368513
0,001280727 0,00209482 0,001526849 0,001744965 0,001363931
0,001281337 0,002099736 0,001523938 0,0017404 0,001358963
0,001279153 0,00209403 0,001520225 0,001738334 0,001356111
0,001280063 0,002086271 0,001518723 0,001737821 0,001355324
0,001280063 0,002086271 0,001518723 0,001737821 0,001355324
0,001280891 0,002075614 0,001515114 0,001734763 0,001352385
0,001280893 0,002068966 0,001512726 0,001732217 0,001349894
0,001282991 0,002070138 0,001512791 0,001729146 0,001347342
0,001281573 0,002074948 0,001514256 0,001729236 0,001346941
0,001281833 0,002068496 0,001511906 0,00172627 0,001344674
0,001281833 0,002068496 0,001511906 0,00172627 0,001344674
0,001279427 0,002059113 0,001511452 0,001729722 0,001346649
0,001281537 0,002050875 0,001511115 0,001730298 0,001347111
0,001281526 0,002047994 0,001511264 0,00173125 0,00134766
0,0012823 0,002049577 0,001514403 0,001733059 0,001348584
0,001285682 0,002042787 0,001514196 0,001731906 0,001348429
0,001142832 0,001992893 0,00150086 0,001658635 0,001295425
0,0011446 0,001993792 0,001502037 0,001659682 0,001297024
0,001144875 0,001991534 0,001499661 0,001658774 0,001295306
0,001144875 0,001991534 0,001499661 0,001658774 0,001295306
0,001146353 0,002006189 0,001503615 0,001661474 0,001298981
0,001147996 0,002014652 0,001505724 0,001663342 0,001301175
0,001150046 0,002020102 0,001509282 0,0016652 0,001304287
0,00115034 0,002029902 0,001511007 0,001666182 0,001305689
0,001165838 0,002063005 0,001534513 0,001676 0,001320392
0,001165838 0,002063005 0,001534513 0,001676 0,001320392
0,001181292 0,002072494 0,001551644 0,001683396 0,001331174
0,001179653 0,00206624 0,001554412 0,00168577 0,001333782
0,001175964 0,002056069 0,001556983 0,001682414 0,00133074
0,00116911 0,002044218 0,001554357 0,001678451 0,001326258
0,00116911 0,002044218 0,001554357 0,001678451 0,001326258
0,001158902 0,002025848 0,001536469 0,00167337 0,001314841
0,001159617 0,002014296 0,001526707 0,001670358 0,001309717
0,001167434 0,002011375 0,001521632 0,001668639 0,001307639
0,001172982 0,002015596 0,001519869 0,001669714 0,001308788
0,001177686 0,002020614 0,001521731 0,001671112 0,001310896
0,001177686 0,002020614 0,001521731 0,001671112 0,001310896
0,001184742 0,002023413 0,001526972 0,00167584 0,0013185
0,001184848 0,002019721 0,001524473 0,001674541 0,00131705
0,001185961 0,002010824 0,001521464 0,001671149 0,001314092
0,001183874 0,001995044 0,001511384 0,001663899 0,001305222
0,001181917 0,001987386 0,001507814 0,001659411 0,001300553
0,001181917 0,001987386 0,001507814 0,001659411 0,001300553
0,001149929 0,002033415 0,001479896 0,001654492 0,001281145
0,00113867 0,00205567 0,001477867 0,001657858 0,001280796
0,001136826 0,002040642 0,001484442 0,001657297 0,00128609
0,001144282 0,002052551 0,001510391 0,001662253 0,001299234
0,001149487 0,00203628 0,00152317 0,001672103 0,001312019
0,001149487 0,00203628 0,00152317 0,001672103 0,001312019
0,001152317 0,002032838 0,001528765 0,001675017 0,001316485
0,001150438 0,002025024 0,00152084 0,001670982 0,001311684
0,001151473 0,002018229 0,001516892 0,001670117 0,001309793
0,001151507 0,002036947 0,001527214 0,001667335 0,001311353
0,001148412 0,002052786 0,001531316 0,001667611 0,001312624
0,001148412 0,002052786 0,001531316 0,001667611 0,001312624
0,001148167 0,002072076 0,001536802 0,001671093 0,001316515
0,001149657 0,00206867 0,001529798 0,001669954 0,00131358
0,001149872 0,00204815 0,001510594 0,001659657 0,001300247
0,001152776 0,002026893 0,001496474 0,001653222 0,001290878
0,001157256 0,002015969 0,001490974 0,001653581 0,001288714
0,001157256 0,002015969 0,001490974 0,001653581 0,001288714
0,001170543 0,002033935 0,001505826 0,001655944 0,001294596
0,001172441 0,002050193 0,001512029 0,001659031 0,001298869
0,001170677 0,002056584 0,001513608 0,001665983 0,0013048
0,001171834 0,002067634 0,001518202 0,001671535 0,001310327
0,001181663 0,002083102 0,001533208 0,00167745 0,00131892
0,001181663 0,002083102 0,001533208 0,00167745 0,00131892
0,001179725 0,002132458 0,001517173 0,001680718 0,001308011
0,00117819 0,002139656 0,00151341 0,001680718 0,001305472
0,001175451 0,002145508 0,00151008 0,001679806 0,001302583
0,001174776 0,002143367 0,001507187 0,001677163 0,001299542
0,001174776 0,002143367 0,001507187 0,001677163 0,001299542
0,001172039 0,002141659 0,001504383 0,001675651 0,00129755
0,001169994 0,002141322 0,00150266 0,00167426 0,001296395
0,001146666 0,002189067 0,001501872 0,00167848 0,001298756
0,00113389 0,002212288 0,001498649 0,001681163 0,001299572
0,001130844 0,002218041 0,001498678 0,001683363 0,001301277
0,001130844 0,002218041 0,001498678 0,001683363 0,001301277
0,001132095 0,002237651 0,001508538 0,001688417 0,00130841
0,001133829 0,002239092 0,001510345 0,001692537 0,001312518
0,001134376 0,002237592 0,001513389 0,001695717 0,00131581
0,001138733 0,002240006 0,001519472 0,001699562 0,001320793
0,001142001 0,002233816 0,001520247 0,001699391 0,001321255
0,001142001 0,002233816 0,001520247 0,001699391 0,001321255
0,00114753 0,002210892 0,001517016 0,001696964 0,001318367
0,001147442 0,002202126 0,001514739 0,001695189 0,001316286
0,001148301 0,002197465 0,001517557 0,001694652 0,001316878
0,001150063 0,002184998 0,001513002 0,001693054 0,001314382
0,001150995 0,002172657 0,001508074 0,001690132 0,001310715
0,001150995 0,002172657 0,001508074 0,001690132 0,001310715
0,001154875 0,002163108 0,001504115 0,001688352 0,001308605
0,001154391 0,002163086 0,001501895 0,001687163 0,001307316
0,001152642 0,002165587 0,001499873 0,001685983 0,00130618
0,001153191 0,00216885 0,001499385 0,001684862 0,001305499
0,001150282 0,002174398 0,001496575 0,001683492 0,001303556
0,001150282 0,002174398 0,001496575 0,001683492 0,001303556
0,001146997 0,002191541 0,00149915 0,001685192 0,001305456
0,001146471 0,002196283 0,001499576 0,001685528 0,001305667
0,001146648 0,002201546 0,001499716 0,001685897 0,001305776
0,001145426 0,002208564 0,001501404 0,001687397 0,001307349
0,001145426 0,002208564 0,001501404 0,001687397 0,001307349
0,00113967 0,002224768 0,00150312 0,001688757 0,001308635
0,001136624 0,002249373 0,001515992 0,001690048 0,001312959
0,001134191 0,002264268 0,001521252 0,001692219 0,001315662
0,00113154 0,0022667 0,001518517 0,001695325 0,001317142
0,001129403 0,002270979 0,001518489 0,001696949 0,001318069
0,001129403 0,002270979 0,001518489 0,001696949 0,001318069
0,001127919 0,002290505 0,001522934 0,001698931 0,001321106
0,001127791 0,002301193 0,001527208 0,001701327 0,001324253
0,001127334 0,002306519 0,001529102 0,001702959 0,001325927
0,001126767 0,002313703 0,00153076 0,00170363 0,001326907
0,001124874 0,002318914 0,001531808 0,001703923 0,001327661
0,001124874 0,002318914 0,001531808 0,001703923 0,001327661
0,00112726 0,002320827 0,001533107 0,001702985 0,001327592
0,001127846 0,002324435 0,001533049 0,001702575 0,001327239
0,001127667 0,002329778 0,001533459 0,001702457 0,001327282
0,00112702 0,002333244 0,001534074 0,001702884 0,001327652
0,001131072 0,002341364 0,001539559 0,00169799 0,001325603
0,001131072 0,002341364 0,001539559 0,00169799 0,001325603
0,001129472 0,002327407 0,001534737 0,001703033 0,00132746
0,001132055 0,002334119 0,001537169 0,001698603 0,001324327
0,001132055 0,002334119 0,001537169 0,001698603 0,001324327
0,001128184 0,002318116 0,00152867 0,001698858 0,001321465
0,001126855 0,002311288 0,001525667 0,001697909 0,001319863
0,001126419 0,002305269 0,001524393 0,001697918 0,001319309
0,001126884 0,002303763 0,001526302 0,001699683 0,001321033
0,001126437 0,002307891 0,001528506 0,001701741 0,001323046
0,001126437 0,002307891 0,001528506 0,001701741 0,001323046
0,001124307 0,002333862 0,001538762 0,001706163 0,001329657
0,001125529 0,002336214 0,001539786 0,00170595 0,001330051
0,001125612 0,002336812 0,00153969 0,001704906 0,001329519
0,001125831 0,002330098 0,001535096 0,001702319 0,001326308
0,001139712 0,002288427 0,00151474 0,001689419 0,001311528
0,001139712 0,002288427 0,00151474 0,001689419 0,001311528
0,001154122 0,002256443 0,001509228 0,001682298 0,001302572
0,001157646 0,002229827 0,001506352 0,001683268 0,001302396
0,001159657 0,002208805 0,001503751 0,001682623 0,001301463
0,00116246 0,002190496 0,001502358 0,001684198 0,001302643
0,001166785 0,002182813 0,001503613 0,001687087 0,001305429
0,001166785 0,002182813 0,001503613 0,001687087 0,001305429
0,001181969 0,002166059 0,001512865 0,001694035 0,001311799
0,00119257 0,00214287 0,001517139 0,001697524 0,001315783
0,001189148 0,002120526 0,001511722 0,001698919 0,001315264
0,001196546 0,00210908 0,001511349 0,001696212 0,00131482
0,001196546 0,00210908 0,001511349 0,001696212 0,00131482
0,001195727 0,002098749 0,001505444 0,001689656 0,001307939
0,001190275 0,002108879 0,001501767 0,001685708 0,001304613
0,001198345 0,002087663 0,001511507 0,001690155 0,001311893
0,001197763 0,002076015 0,00151151 0,00168507 0,001309981
0,001197481 0,002026395 0,001494545 0,001670171 0,001294578
0,001197481 0,002026395 0,001494545 0,001670171 0,001294578
0,001183875 0,001990374 0,00147838 0,001658041 0,001280284
0,001164369 0,002028814 0,001475846 0,00166087 0,001281096
0,001154159 0,002061752 0,001481357 0,001666866 0,001287207
0,001146214 0,002087065 0,001481307 0,001670854 0,001289651
0,001149163 0,00210799 0,001487064 0,001664978 0,001288164
0,001149163 0,00210799 0,001487064 0,001664978 0,001288164
0,001160576 0,002030392 0,001508415 0,001671088 0,001304073
0,001164438 0,002008882 0,001511333 0,001670887 0,001307258
0,001163745 0,002009447 0,001517292 0,001676729 0,001313357
0,001163159 0,002032758 0,001533246 0,001679426 0,001321064
0,001161002 0,002044149 0,001535189 0,001677073 0,001320763
0,001161002 0,002044149 0,001535189 0,001677073 0,001320763
0,00116519 0,002044336 0,001507901 0,0016684 0,001300982
0,00117299 0,002037654 0,00149028 0,001660534 0,001288158
0,001177934 0,002049595 0,001484869 0,00165778 0,001284716
0,001176515 0,002065214 0,001482884 0,001658814 0,001285205
0,001180581 0,002081059 0,001488748 0,001661468 0,001289811
0,001180581 0,002081059 0,001488748 0,001661468 0,001289811
0,001167997 0,002103305 0,001493588 0,001668906 0,001296475
0,001168639 0,002112774 0,001498935 0,001672849 0,001300695
0,001166653 0,002111607 0,001499348 0,001674601 0,001301426
0,001168364 0,002108088 0,001499464 0,001674158 0,001300524
0,001171045 0,002103095 0,001500776 0,001675317 0,001301116
0,001171045 0,002103095 0,001500776 0,001675317 0,001301116
0,00117985 0,002092747 0,001499903 0,001672187 0,001298221
0,001182988 0,002085629 0,001498949 0,001671787 0,001297449
0,001187044 0,002076718 0,001495651 0,001669147 0,001294362
0,001190734 0,002072805 0,001494231 0,001667861 0,001293247
0,001190734 0,002072805 0,001494231 0,001667861 0,001293247
0,001190504 0,002068027 0,001490038 0,001664006 0,001289581
0,001190954 0,002064351 0,001488354 0,001662419 0,001288179
0,001191055 0,002061963 0,001486796 0,001661365 0,001286991
0,001192261 0,00205991 0,001486355 0,001660931 0,001286674
0,001193699 0,002057489 0,00148625 0,001661185 0,001286905
0,001193699 0,002057489 0,00148625 0,001661185 0,001286905
0,001191725 0,002054051 0,00148546 0,001661676 0,001287114
0,001190136 0,00205403 0,001484805 0,001661435 0,001286821
0,001189474 0,00205522 0,001484803 0,001661572 0,001287019
0,001186533 0,002058059 0,001485024 0,001661998 0,001287303
0,001184532 0,002057649 0,001483996 0,00166101 0,001286173
0,001184532 0,002057649 0,001483996 0,00166101 0,001286173
0,001181389 0,002060015 0,001481337 0,001658994 0,001283766
0,001180021 0,002061814 0,001479292 0,00165801 0,001282275
0,001179852 0,002058673 0,001477808 0,001657197 0,001281279
0,001181151 0,00205588 0,001476621 0,001656883 0,001280857
0,001181238 0,002054924 0,001476302 0,0016568 0,001280836
0,001181238 0,002054924 0,001476302 0,0016568 0,001280836
0,001187019 0,002054707 0,001478262 0,0016584 0,001282937
0,00118937 0,002059064 0,001479478 0,001659449 0,001284002
0,00119046 0,002062525 0,001480281 0,001660599 0,001285041
0,001192522 0,002069993 0,001482304 0,001662063 0,001286897
0,001193521 0,00207481 0,001482924 0,001662788 0,001287469
