0,00198974 0,004012467 0,003714161 0,003566258 0,003369599
0,001991627 0,004014713 0,003718514 0,003568674 0,003373316
0,001991627 0,004014713 0,003718514 0,003568674 0,003373316
0,001991837 0,004019257 0,003724542 0,003570588 0,003377943
0,001992942 0,00402357 0,003730665 0,003573442 0,003382679
0,001992739 0,004025141 0,003733453 0,003575302 0,003385199
0,001996431 0,004029234 0,003738633 0,003579098 0,003389356
0,001997546 0,004032227 0,003743865 0,003581494 0,003393893
0,002112812 0,003970657 0,003650893 0,00340166 0,003256597
0,002115024 0,003972791 0,003652131 0,003403827 0,003258214
0,002117001 0,003974595 0,003653423 0,003406612 0,003260109
0,002118782 0,003975663 0,003654219 0,003408589 0,003261359
0,002120117 0,00397593 0,003654607 0,003409709 0,003262073
0,002120884 0,003975788 0,003654845 0,003410245 0,003262916
0,002120884 0,003975788 0,003654845 0,003410245 0,003262916
0,002123485 0,003975517 0,003654922 0,003410331 0,003263739
0,002123855 0,003974756 0,003654673 0,003410137 0,003263855
0,002124253 0,003974522 0,003654769 0,003409659 0,00326424
0,002122608 0,003977408 0,003659565 0,003408092 0,003266733
0,002125309 0,003979115 0,003660335 0,003403881 0,003265879
0,002125309 0,003979115 0,003660335 0,003403881 0,003265879
0,002122395 0,003983146 0,003666603 0,003399308 0,003269311
0,002120932 0,003983758 0,003668199 0,003393563 0,003270492
0,002117828 0,003985462 0,003670967 0,003384959 0,003272222
0,002113679 0,003983383 0,003670001 0,003375058 0,003272077
0,0021128 0,003982549 0,003668406 0,003359489 0,003270047
0,0021128 0,003982549 0,003668406 0,003359489 0,003270047
0,002101789 0,003980488 0,003669323 0,003345364 0,003271991
0,002097112 0,003980172 0,003669271 0,003341225 0,003270509
0,002099498 0,00398322 0,003670038 0,003347886 0,003270213
0,002111101 0,003989731 0,003671647 0,003360536 0,00326984
0,00212285 0,003996877 0,003671294 0,003357913 0,003265826
0,00212285 0,003996877 0,003671294 0,003357913 0,003265826
0,002128323 0,00397696 0,003644715 0,003381605 0,003261981
0,002169534 0,003963426 0,003633458 0,003413906 0,003254247
0,002182019 0,003952065 0,003620599 0,003415598 0,00323865
0,002192355 0,003948931 0,003607389 0,003402526 0,003217434
0,002192355 0,003948931 0,003607389 0,003402526 0,003217434
0,002198337 0,003929346 0,00360447 0,003371505 0,003214055
0,002266418 0,003951959 0,003609635 0,003333249 0,003199653
0,00233062 0,004021653 0,003640891 0,003317504 0,003205788
0,002386153 0,004063986 0,003645098 0,003285531 0,003194164
0,002392016 0,004118024 0,003679859 0,003294956 0,003205428
0,002392016 0,004118024 0,003679859 0,003294956 0,003205428
0,00231913 0,004132483 0,003739489 0,003400427 0,003265105
0,00230475 0,004123248 0,003753068 0,003422772 0,00327591
0,002291386 0,004117324 0,003761978 0,003438402 0,003284642
0,002284738 0,004107061 0,003765076 0,003445178 0,003287909
0,002288786 0,004101005 0,003770056 0,003446311 0,003289346
0,002288786 0,004101005 0,003770056 0,003446311 0,003289346
0,002315494 0,00408844 0,003775206 0,003437972 0,003285616
0,00232351 0,004055175 0,003764737 0,003426728 0,003274727
0,002319907 0,004039945 0,003762259 0,003427692 0,003275452
0,002319059 0,00401951 0,00377053 0,003433516 0,003279777
0,002319341 0,00400821 0,003786374 0,003474223 0,003292901
0,002319341 0,00400821 0,003786374 0,003474223 0,003292901
0,002247656 0,004017097 0,003718768 0,003428292 0,003278105
0,00218164 0,003964408 0,00367083 0,003427529 0,003265472
0,002109307 0,003905711 0,003627948 0,003389695 0,003254855
0,00204523 0,003905443 0,003620993 0,003357218 0,003275036
0,002035397 0,003891653 0,003613796 0,003352958 0,00328672
0,002035397 0,003891653 0,003613796 0,003352958 0,00328672
0,002057884 0,003898296 0,00363638 0,003319565 0,003275219
0,00209094 0,003906629 0,003667238 0,003370956 0,003290977
0,002106308 0,0039061 0,003682116 0,003404975 0,003297304
0,002106505 0,003896478 0,003698108 0,003422652 0,003289543
0,002068347 0,003902015 0,003707582 0,003437423 0,003283823
0,002068347 0,003902015 0,003707582 0,003437423 0,003283823
0,0019743 0,003938181 0,00373027 0,003475276 0,003308567
0,001952847 0,003956791 0,003729896 0,003489156 0,003316623
0,00192267 0,00397051 0,003727788 0,003511501 0,003318797
0,001923842 0,00397566 0,003726079 0,003505531 0,003317773
0,001923842 0,00397566 0,003726079 0,003505531 0,003317773
0,001904234 0,003990677 0,003736438 0,003512233 0,003331716
0,001911736 0,003996245 0,003738442 0,003516351 0,003337235
0,001918136 0,003998247 0,003741949 0,003520367 0,003342743
0,001935347 0,00400458 0,003749376 0,003509452 0,003350453
0,001945975 0,003999799 0,003746354 0,003504896 0,00334555
0,001945975 0,003999799 0,003746354 0,003504896 0,00334555
0,001973188 0,003965503 0,003722893 0,003527557 0,003347728
0,002007426 0,003958376 0,003716573 0,003516684 0,003341816
0,002113007 0,003945425 0,003706876 0,003499073 0,003328467
0,00218821 0,003937028 0,00368751 0,003469721 0,003303137
0,002249424 0,003944699 0,003658023 0,003415979 0,003268206
0,002249424 0,003944699 0,003658023 0,003415979 0,003268206
0,002196803 0,00392677 0,003624146 0,003401435 0,003244408
0,002210418 0,003923505 0,003596691 0,003374141 0,003208061
0,00218522 0,003913609 0,003576455 0,003376754 0,003199511
0,002155276 0,003922649 0,003573549 0,003408525 0,003212468
0,002079362 0,003943329 0,003573634 0,003410673 0,003213749
0,002079362 0,003943329 0,003573634 0,003410673 0,003213749
0,00194685 0,003971729 0,003591091 0,003453137 0,003208888
0,001957233 0,004009781 0,003599904 0,00345052 0,00318871
0,001989877 0,003997602 0,003602763 0,003426824 0,00317282
0,001994496 0,003970074 0,003609414 0,003380637 0,003165641
0,002003449 0,003977978 0,003630698 0,003341375 0,003163719
0,002003449 0,003977978 0,003630698 0,003341375 0,003163719
0,002050524 0,004041894 0,003676539 0,003372865 0,003191949
0,002105691 0,004095097 0,003711674 0,00342018 0,003237085
0,002202565 0,004136586 0,003739161 0,003468702 0,003289847
0,002279959 0,00410511 0,003715448 0,003454202 0,00328256
0,002236037 0,004013624 0,003705716 0,003468574 0,003271557
0,002236037 0,004013624 0,003705716 0,003468574 0,003271557
0,002151565 0,00384434 0,003625132 0,003515586 0,003235643
0,002147882 0,003829519 0,003619158 0,00355271 0,003246339
0,002170477 0,00381604 0,003614929 0,003574132 0,003256986
0,002216334 0,003813125 0,003599804 0,003568763 0,003253833
0,002216334 0,003813125 0,003599804 0,003568763 0,003253833
0,002285504 0,003826575 0,003612097 0,003560029 0,003269593
0,002317339 0,003836579 0,003637056 0,003549656 0,003281608
0,002331171 0,003830899 0,003644422 0,003521053 0,003272281
0,002351727 0,003850201 0,003661577 0,003510603 0,003276139
0,002351647 0,003861511 0,003682665 0,00350603 0,003285093
0,002351647 0,003861511 0,003682665 0,00350603 0,003285093
0,002340349 0,00391007 0,003667357 0,00344455 0,003246773
0,002332199 0,003920295 0,003675283 0,003417545 0,00325269
0,002325049 0,003922289 0,003670739 0,003385436 0,003250712
0,002309128 0,003908467 0,003654222 0,003358418 0,003240283
0,002282166 0,003900403 0,003642028 0,003343954 0,003233661
0,002282166 0,003900403 0,003642028 0,003343954 0,003233661
0,002186785 0,003895404 0,003625927 0,00334715 0,003233287
0,002166564 0,00388732 0,003617929 0,00335919 0,003229276
0,002154602 0,003875815 0,003598843 0,003364836 0,003210515
0,002154249 0,003869548 0,003586852 0,003364649 0,003193309
0,002121101 0,003869253 0,003575923 0,003357225 0,00317477
0,002121101 0,003869253 0,003575923 0,003357225 0,00317477
0,002092571 0,003915514 0,003614517 0,003371866 0,003204801
0,002171115 0,003934829 0,003638783 0,003392902 0,003222822
0,002189099 0,003921833 0,00364186 0,003396603 0,003242325
0,002192271 0,003931432 0,003643055 0,003401189 0,003257659
0,002212016 0,003950104 0,003627979 0,003364166 0,003229136
0,002212016 0,003950104 0,003627979 0,003364166 0,003229136
0,002121033 0,00397241 0,003629947 0,003406749 0,003251191
0,002126473 0,003958275 0,003599189 0,003388133 0,003219221
0,002119442 0,003938965 0,00357407 0,003391891 0,003202232
0,002101459 0,003946343 0,003552856 0,003372538 0,003170038
0,002101459 0,003946343 0,003552856 0,003372538 0,003170038
0,002084671 0,003975819 0,003561727 0,003375555 0,003143878
0,002114724 0,004050577 0,003581699 0,003355445 0,003123164
0,002124099 0,004092468 0,003605946 0,003329002 0,003117731
0,002127061 0,004124085 0,003629158 0,003320575 0,003135067
0,002133586 0,004150794 0,003642066 0,003294021 0,003138717
0,002133586 0,004150794 0,003642066 0,003294021 0,003138717
0,002029096 0,004114688 0,003635284 0,003356527 0,003162337
0,001986974 0,004089087 0,003659187 0,00333661 0,00317938
0,002002477 0,004046284 0,003661979 0,003363069 0,003204956
0,00209931 0,004025253 0,003689294 0,003409847 0,003222285
0,002202078 0,003979317 0,003686382 0,003443477 0,003219112
0,002202078 0,003979317 0,003686382 0,003443477 0,003219112
0,002299664 0,003927789 0,003676148 0,003510105 0,003215205
0,00226496 0,003874938 0,003648956 0,003562718 0,00324133
0,002234882 0,003817948 0,003606549 0,00360329 0,003256503
0,002223529 0,003775371 0,00355488 0,003612875 0,003257173
0,002241481 0,003794039 0,003553538 0,003586285 0,0032501
0,002241481 0,003794039 0,003553538 0,003586285 0,0032501
0,002272801 0,003829615 0,00364654 0,003607373 0,003305606
0,002311916 0,003904599 0,003687735 0,003577555 0,003316476
0,002394628 0,003990674 0,003716578 0,003528284 0,003310804
0,002402951 0,004023695 0,003726087 0,003470239 0,003298393
0,002391177 0,004011145 0,003682425 0,003419961 0,003258068
0,002391177 0,004011145 0,003682425 0,003419961 0,003258068
0,002246089 0,003995119 0,003677882 0,0034357 0,003280972
0,002205358 0,003992904 0,003672266 0,003449594 0,003279297
0,002126866 0,003957822 0,003657133 0,003456764 0,003274047
0,002126371 0,003957436 0,003649461 0,003430075 0,003263684
0,002043429 0,003936038 0,0036275 0,003436516 0,003242468
0,002043429 0,003936038 0,0036275 0,003436516 0,003242468
0,001889893 0,003954811 0,003664743 0,003451166 0,003278228
0,00185707 0,003967332 0,003669449 0,003448547 0,003280401
0,001843806 0,004000853 0,003670646 0,003423124 0,003265933
0,001914934 0,004014411 0,00366444 0,00338127 0,003256221
0,001914934 0,004014411 0,00366444 0,00338127 0,003256221
0,002023176 0,004039573 0,003679476 0,003516178 0,003306023
0,002064361 0,004048253 0,003689216 0,00355414 0,003319244
0,002069696 0,004058632 0,003704714 0,003569891 0,003330017
0,002072169 0,004064937 0,003707922 0,003576291 0,003331017
0,002063457 0,004068058 0,003712587 0,003574787 0,003330388
0,002063457 0,004068058 0,003712587 0,003574787 0,003330388
0,002038188 0,004090418 0,003735069 0,003586238 0,003348067
0,002033484 0,00409415 0,003736482 0,003580337 0,00334656
0,002034921 0,004074904 0,003725211 0,003567227 0,00333807
0,002020651 0,004048385 0,003711149 0,00354995 0,003327655
0,002007923 0,00403812 0,00370695 0,003548058 0,003326229
0,002007923 0,00403812 0,00370695 0,003548058 0,003326229
0,00198999 0,004034437 0,003698836 0,0035392 0,003322199
0,001987598 0,004051552 0,003703403 0,003502543 0,003310894
0,001978433 0,004046586 0,003693816 0,003470235 0,003298454
0,001963066 0,004036825 0,003691859 0,003471391 0,003304479
0,001973755 0,004024606 0,00366893 0,003412723 0,003266627
0,001973755 0,004024606 0,00366893 0,003412723 0,003266627
0,00199476 0,003983809 0,003636929 0,003347522 0,003217967
0,002023645 0,003975752 0,003642722 0,003322517 0,003210281
0,002015021 0,003941496 0,003618651 0,003281363 0,003183549
0,001971713 0,003922808 0,003601312 0,003205203 0,003176315
0,001967852 0,003898356 0,003586632 0,003220648 0,003185579
0,001967852 0,003898356 0,003586632 0,003220648 0,003185579
0,002021059 0,003858212 0,003548402 0,003379816 0,003183674
0,00201851 0,003818606 0,003524041 0,003444218 0,003176869
0,002063732 0,003810444 0,003526221 0,00348415 0,003189597
0,002103067 0,003826975 0,003549092 0,003521831 0,003208359
0,002103067 0,003826975 0,003549092 0,003521831 0,003208359
0,002152797 0,003939629 0,003649101 0,00350101 0,003219606
0,002111782 0,003954268 0,003675818 0,003461105 0,003216282
0,002085856 0,00393784 0,003672763 0,003437113 0,003210629
0,002079715 0,00392382 0,003666559 0,003408574 0,003206154
0,002053282 0,003906123 0,003660816 0,003389942 0,003210866
0,002054109 0,00391483 0,0036745 0,003353468 0,003203383
0,002054109 0,00391483 0,0036745 0,003353468 0,003203383
0,002063313 0,003921845 0,003674189 0,003313157 0,00318962
0,002047029 0,00393063 0,003678051 0,003324847 0,003188679
0,002070562 0,003944761 0,003680562 0,003343567 0,003190013
0,002117677 0,003956188 0,003677324 0,003365477 0,003191795
0,002117677 0,003956188 0,003677324 0,003365477 0,003191795
0,002162022 0,003961534 0,003666238 0,003450567 0,003220418
0,002170421 0,003976491 0,003680497 0,003535979 0,003265431
0,002147197 0,003975949 0,003671214 0,003538595 0,003259323
0,00208555 0,003919175 0,003623082 0,003499839 0,003245184
0,002090864 0,003883472 0,003578474 0,003453092 0,003217264
0,002090864 0,003883472 0,003578474 0,003453092 0,003217264
0,002127253 0,003849939 0,003534681 0,00341223 0,003189541
0,002150372 0,003860569 0,003535294 0,003401767 0,003193781
0,002116745 0,003894996 0,00355917 0,003349886 0,003188245
0,002062853 0,003913308 0,003605134 0,003347402 0,003210395
0,002049393 0,003946553 0,003640736 0,003339745 0,003224203
0,002049393 0,003946553 0,003640736 0,003339745 0,003224203
0,001953761 0,00402455 0,003691941 0,003385115 0,003254926
0,001939479 0,004046898 0,003709397 0,003404907 0,003262541
0,001922767 0,004054308 0,003721086 0,003403503 0,003263269
0,001913639 0,004069913 0,003731848 0,003443875 0,003275913
0,001904541 0,004069149 0,003735278 0,003477038 0,003296438
0,001904541 0,004069149 0,003735278 0,003477038 0,003296438
0,001880594 0,004057179 0,003742106 0,00353868 0,003341191
0,001853458 0,004044966 0,003750203 0,003559744 0,003363816
0,001835122 0,004023492 0,003738361 0,003552174 0,003369708
0,001844451 0,003999877 0,003734079 0,003563731 0,003379801
0,001844451 0,003999877 0,003734079 0,003563731 0,003379801
0,001861382 0,003940774 0,003721788 0,003580871 0,003383422
0,001847326 0,003883224 0,003723512 0,003523675 0,003368313
0,001761282 0,003888261 0,003716638 0,00344032 0,003336674
0,001716581 0,003895888 0,00370833 0,00338036 0,003322462
0,001651344 0,003881908 0,003692126 0,003367996 0,003321386
0,001651344 0,003881908 0,003692126 0,003367996 0,003321386
0,001619152 0,003925888 0,003694195 0,003410647 0,003333136
0,001648462 0,00401318 0,003701736 0,003438525 0,003348622
0,001733178 0,004091992 0,003716467 0,00343258 0,00333958
0,001797481 0,004133302 0,003717361 0,003348371 0,003308937
0,001858494 0,004084851 0,003710168 0,003333425 0,003295651
0,001858494 0,004084851 0,003710168 0,003333425 0,003295651
0,001945789 0,003936828 0,003638461 0,003297288 0,003208456
0,001956498 0,003903622 0,003607411 0,003273433 0,003189438
0,001947242 0,00388764 0,003578696 0,003295778 0,003178082
0,001937951 0,003846503 0,003534301 0,003369919 0,003163581
0,0019896 0,003844522 0,003532428 0,00346323 0,003190514
0,0019896 0,003844522 0,003532428 0,00346323 0,003190514
0,001986583 0,003962212 0,00359872 0,003469704 0,003232854
0,002054569 0,004032274 0,003672803 0,003469089 0,003260787
0,002126009 0,004022075 0,003688309 0,003396525 0,003267063
0,00214485 0,004009006 0,003731521 0,003395397 0,003261193
0,002032286 0,004017667 0,003749616 0,003411128 0,003303069
0,002032286 0,004017667 0,003749616 0,003411128 0,003303069
0,001836446 0,004141474 0,003805331 0,003418189 0,003295209
0,001752965 0,004133026 0,003800084 0,003444434 0,003324257
0,00181073 0,004183535 0,003798833 0,003457125 0,003323739
0,002085763 0,004068815 0,003750739 0,003522838 0,003332177
0,00219755 0,00402815 0,003720422 0,003599763 0,003342164
0,00219755 0,00402815 0,003720422 0,003599763 0,003342164
0,002169385 0,004038768 0,003694428 0,003513931 0,00330479
0,002104403 0,004030271 0,003666443 0,003449351 0,003263628
0,002065409 0,004031601 0,003703503 0,003499785 0,00329236
0,001988052 0,004006352 0,00366355 0,003470798 0,003279482
0,001982041 0,003945306 0,003614758 0,003449375 0,003243509
0,001982041 0,003945306 0,003614758 0,003449375 0,003243509
0,00202041 0,003864733 0,003551708 0,003412855 0,003183343
0,001986028 0,003865174 0,003557734 0,003358131 0,003187055
0,001921969 0,003890246 0,003581971 0,003229603 0,003190085
0,001912171 0,003903184 0,003600168 0,00319736 0,003205452
0,001912171 0,003903184 0,003600168 0,00319736 0,003205452
0,002022419 0,003975685 0,003670044 0,003338622 0,003261469
0,002022841 0,004042094 0,003721698 0,003459596 0,003309586
0,002022579 0,004097397 0,003752336 0,003511087 0,003329527
0,001982861 0,004095753 0,003758377 0,003537042 0,003332984
0,001977328 0,004100796 0,003762071 0,003560363 0,003341368
0,001977328 0,004100796 0,003762071 0,003560363 0,003341368
0,001930473 0,004093201 0,003751552 0,003533793 0,003350842
0,001912597 0,004081381 0,003734322 0,003519036 0,003348602
0,00189883 0,004075789 0,003725112 0,003513242 0,003348227
0,001881194 0,004071654 0,003712309 0,003522296 0,003350186
0,001862944 0,004048548 0,003710323 0,003546156 0,003360751
0,001862944 0,004048548 0,003710323 0,003546156 0,003360751
0,001897435 0,004066204 0,003699286 0,003547064 0,003346619
0,001909117 0,00407025 0,003698779 0,003550332 0,003346625
0,001914279 0,004088002 0,003706131 0,003548563 0,00335157
0,00192267 0,004098542 0,003723609 0,003527205 0,003357176
0,001933199 0,004126614 0,003740206 0,003518207 0,00333799
0,001933199 0,004126614 0,003740206 0,003518207 0,00333799
0,0019528 0,00407765 0,003772464 0,003480085 0,003353382
0,001994526 0,00401603 0,003735526 0,003438409 0,003309808
0,002037926 0,003949055 0,00368536 0,003368221 0,003268261
0,002017234 0,003929252 0,003660239 0,003333351 0,00324405
0,001956449 0,00389288 0,003601741 0,003284544 0,003192653
0,001956449 0,00389288 0,003601741 0,003284544 0,003192653
0,001983088 0,003869877 0,00355661 0,0033792 0,003189604
