0,00101438 0,00364392 0,003567008 0,002260671 0,00214621
0,00101438 0,00364392 0,003567008 0,002260671 0,00214621
0,001016217 0,00364477 0,003567044 0,002257868 0,002143129
0,001007331 0,003643994 0,00357321 0,002261519 0,002141667
0,001015466 0,003642017 0,003570844 0,00225608 0,002137661
0,001016957 0,003641946 0,003569977 0,002254455 0,002137004
0,001019369 0,003641398 0,003568691 0,002252086 0,002135637
0,001019369 0,003641398 0,003568691 0,002252086 0,002135637
0,00101276 0,003640868 0,003573837 0,002254242 0,002133789
0,001019043 0,003639267 0,003571065 0,002250685 0,002132128
0,001020608 0,003639202 0,003569877 0,002250274 0,002133017
0,001022066 0,00363977 0,003568462 0,002248995 0,002132831
0,001022635 0,003639932 0,003567875 0,002248621 0,002132752
0,001022635 0,003639932 0,003567875 0,002248621 0,002132752
0,001022091 0,003644363 0,003566842 0,002248736 0,002133441
0,001022683 0,003645756 0,003566921 0,002248361 0,002133215
0,001024043 0,003646855 0,003567174 0,002247419 0,002133369
0,001026469 0,0036464 0,003568383 0,002244899 0,002131935
0,001026469 0,0036464 0,003568383 0,002244899 0,002131935
0,001032193 0,003642298 0,0035702 0,00223843 0,00212711
0,001034014 0,003639204 0,003570949 0,002235607 0,002125703
0,001036138 0,003636122 0,003571376 0,002233543 0,00212357
0,001025773 0,003632742 0,003576686 0,002240949 0,002124539
0,001031745 0,003630705 0,00357465 0,002236699 0,002121139
0,001031745 0,003630705 0,00357465 0,002236699 0,002121139
0,001037036 0,003628589 0,003571723 0,002232095 0,00211692
0,001038853 0,003628675 0,003570942 0,002230623 0,002115146
0,001040276 0,003629476 0,003570009 0,002229643 0,002113785
0,001041058 0,003629937 0,003569672 0,002229306 0,002113092
0,001041442 0,003631284 0,003568413 0,002231009 0,002114379
0,001041442 0,003631284 0,003568413 0,002231009 0,002114379
0,001040979 0,003632485 0,003567352 0,002233966 0,002117549
0,00102896 0,003634205 0,003572528 0,002246458 0,002125007
0,001033373 0,003633918 0,003570663 0,002244647 0,002124111
0,00103582 0,003635282 0,003569124 0,002243581 0,002124214
0,00103714 0,003635658 0,003568283 0,002243117 0,002124711
0,00103714 0,003635658 0,003568283 0,002243117 0,002124711
0,001037837 0,003636999 0,003568233 0,002241381 0,002122579
0,00103734 0,003638258 0,003568886 0,002239499 0,002119688
0,001036189 0,003639495 0,003569094 0,002237155 0,002115672
0,001033899 0,003641369 0,003569058 0,00223642 0,002112926
0,001032527 0,003642438 0,003568906 0,00223694 0,002112358
0,001032527 0,003642438 0,003568906 0,00223694 0,002112358
0,001026797 0,003648558 0,003566194 0,002239448 0,002112855
0,001024549 0,003650256 0,00356556 0,00224046 0,002113318
0,00102121 0,003652832 0,003564064 0,002242584 0,002115624
0,001019565 0,003654134 0,003563229 0,002243658 0,002116915
0,001019565 0,003654134 0,003563229 0,002243658 0,002116915
0,001010681 0,003655935 0,003564783 0,002249585 0,002120939
0,001011048 0,003656964 0,003562296 0,00225176 0,002125107
0,001010924 0,003658668 0,0035598 0,002255379 0,002132113
0,001011037 0,003660394 0,003558791 0,002256932 0,002134752
0,001010923 0,003662241 0,003557225 0,002259187 0,002138737
0,001010923 0,003662241 0,003557225 0,002259187 0,002138737
0,001012143 0,003664611 0,00355718 0,002259022 0,002140023
0,001006617 0,003662423 0,00356116 0,002263132 0,002140711
0,001007947 0,003661409 0,003560292 0,002262433 0,002141153
0,0009892132 0,00365819 0,003568485 0,002275426 0,002143003
0,0009996431 0,003655766 0,00356288 0,00226788 0,002140947
0,0009996431 0,003655766 0,00356288 0,00226788 0,002140947
0,0009954487 0,003657662 0,003562998 0,002271951 0,002144975
0,0009975841 0,003661343 0,003559909 0,002272864 0,002150057
0,000999355 0,003664737 0,003558383 0,002274344 0,002153594
0,0009953867 0,003666246 0,003561015 0,002277421 0,002154262
0,0009979935 0,003669837 0,003558065 0,002278501 0,002158824
0,0009979935 0,003669837 0,003558065 0,002278501 0,002158824
0,0009974214 0,00367598 0,003554185 0,002282575 0,002166077
0,0009977852 0,003678624 0,003551137 0,002285206 0,002170319
0,000990357 0,003680244 0,003551207 0,00229293 0,002174058
0,0009918811 0,003681444 0,003548847 0,002293524 0,002176316
0,0009929661 0,003684865 0,003546096 0,002294538 0,002179888
0,0009929661 0,003684865 0,003546096 0,002294538 0,002179888
0,0009950423 0,003686892 0,003544376 0,002295 0,002182846
0,0009973635 0,003686911 0,003544867 0,002292918 0,002181856
0,0009994315 0,003686113 0,003546292 0,002290342 0,002179889
0,000999777 0,003686271 0,003547663 0,002289424 0,00217923
0,001000844 0,00368468 0,003551651 0,002282332 0,002171866
0,001000844 0,00368468 0,003551651 0,002282332 0,002171866
0,000997443 0,003678938 0,003560495 0,002277579 0,002159617
0,0009996875 0,00367799 0,003563258 0,002272788 0,0021536
0,0009998456 0,00367754 0,003564639 0,002270569 0,002150852
0,001002245 0,003675996 0,00356574 0,002268143 0,002148927
0,001002245 0,003675996 0,00356574 0,002268143 0,002148927
0,001004617 0,0036739 0,003566715 0,002265899 0,002147084
0,0009949955 0,003673387 0,003572531 0,002270886 0,002147356
0,0009997278 0,003671273 0,003571384 0,002267738 0,002144376
0,001003097 0,003670295 0,003569666 0,002265532 0,002144297
0,001004356 0,003670541 0,003568282 0,002265724 0,002146445
0,001004356 0,003670541 0,003568282 0,002265724 0,002146445
0,001005078 0,003671368 0,003567433 0,002264882 0,002146507
0,001005953 0,00367144 0,003567069 0,002263607 0,002145398
0,001007655 0,003671163 0,003566608 0,002261114 0,002142549
0,001008977 0,003670593 0,003566097 0,002259335 0,002140408
0,001009072 0,003669992 0,003565969 0,002258325 0,002139444
0,001009072 0,003669992 0,003565969 0,002258325 0,002139444
0,001007645 0,003669446 0,003565342 0,002260865 0,002142773
0,001006461 0,003670797 0,003565752 0,002262292 0,002144249
0,001005931 0,003672853 0,00356678 0,002261379 0,002142397
0,001005038 0,003673462 0,003567221 0,002260415 0,002140711
0,00100461 0,003675313 0,003568564 0,00225873 0,00213723
0,00100461 0,003675313 0,003568564 0,00225873 0,00213723
0,001000893 0,003676276 0,003573481 0,002260016 0,002133213
0,001003052 0,003677459 0,003573334 0,002257998 0,002131505
0,001003036 0,003677776 0,003573437 0,002257344 0,002130994
0,001005652 0,003676313 0,003572909 0,002254037 0,002128216
0,001008529 0,00367395 0,003571823 0,002251829 0,002125648
0,001008529 0,00367395 0,003571823 0,002251829 0,002125648
0,0010063 0,003669416 0,003575544 0,002252211 0,002120512
0,001009948 0,003667898 0,003574989 0,002248805 0,002117023
0,001011989 0,003667339 0,003574339 0,002247481 0,002116138
0,00101475 0,003661749 0,00357728 0,00224267 0,002107806
0,00101475 0,003661749 0,00357728 0,00224267 0,002107806
0,001021109 0,003658192 0,003576222 0,002237184 0,002102894
0,001023773 0,00365649 0,003575117 0,002234534 0,002100309
0,001025232 0,003655594 0,003574505 0,002232688 0,002098477
0,001024634 0,003655001 0,003573528 0,002233471 0,002099303
0,001024144 0,003655097 0,003572815 0,002234245 0,002100384
0,001024144 0,003655097 0,003572815 0,002234245 0,002100384
0,001012588 0,003656194 0,003575743 0,002242455 0,002105857
0,001013483 0,003655433 0,003575921 0,002242035 0,002104889
0,001017204 0,003656233 0,003576705 0,002237993 0,002101849
0,001018683 0,003656817 0,003577262 0,002236499 0,002100459
0,001020799 0,003657334 0,003578354 0,002235042 0,002099948
0,001020799 0,003657334 0,003578354 0,002235042 0,002099948
0,001010405 0,003654121 0,003586833 0,002243919 0,002100423
0,001017116 0,0036535 0,003585362 0,00223912 0,002099331
0,001020562 0,003653169 0,003583853 0,002235994 0,002098427
0,001009681 0,003653412 0,003589641 0,002243395 0,002100326
0,001019765 0,003652155 0,003585469 0,002237592 0,002098673
0,001019765 0,003652155 0,003585469 0,002237592 0,002098673
0,001022404 0,003653825 0,003583255 0,002235223 0,002099195
0,001023009 0,003654906 0,003582378 0,002234622 0,002099885
0,001011124 0,003655261 0,003587675 0,002242514 0,002101772
0,001011385 0,00365398 0,003587775 0,00224216 0,002098046
0,00101628 0,003655075 0,003584164 0,002237443 0,002096674
0,00101628 0,003655075 0,003584164 0,002237443 0,002096674
0,00101855 0,003656917 0,003580375 0,00223571 0,002097514
0,00101913 0,003657559 0,003578887 0,0022355 0,002098425
0,001019133 0,003658617 0,003577203 0,002235539 0,002100186
0,001019119 0,003659532 0,003576248 0,00223523 0,002100996
0,0010192 0,003659989 0,003575752 0,002235576 0,002101893
0,0010192 0,003659989 0,003575752 0,002235576 0,002101893
0,001019243 0,003661381 0,003574779 0,002236491 0,002104473
0,001019093 0,003661724 0,003574505 0,002237103 0,002106083
0,001019062 0,003662673 0,003574517 0,002237153 0,002106544
0,001019099 0,003663108 0,003574695 0,00223754 0,002107176
0,001019099 0,003663108 0,003574695 0,00223754 0,002107176
0,001019275 0,00366347 0,003575193 0,002237322 0,002107835
0,001018968 0,003663628 0,003575076 0,00223794 0,002108574
0,0010183 0,003664089 0,003574881 0,002238559 0,00210913
0,001018037 0,003664497 0,003574703 0,002238717 0,002108983
0,001017577 0,003665244 0,003574525 0,002239146 0,002108983
0,001017577 0,003665244 0,003574525 0,002239146 0,002108983
0,001016726 0,003664122 0,003573157 0,002240148 0,002110032
0,001015863 0,003663754 0,00357311 0,002241067 0,002111069
0,001015736 0,003663497 0,003572733 0,002242218 0,002112486
0,001015114 0,003663283 0,003572854 0,002242443 0,002112973
0,001015086 0,003662905 0,003572675 0,002241922 0,002112489
0,001015086 0,003662905 0,003572675 0,002241922 0,002112489
0,001014815 0,003662462 0,003572393 0,002241997 0,002112466
0,001014963 0,003661732 0,003572331 0,002241994 0,002112824
0,00101473 0,00366148 0,003572701 0,002242267 0,002113263
0,001014786 0,003661679 0,003572914 0,002242213 0,002113381
0,001014713 0,003661525 0,003573047 0,002241685 0,002112642
0,001014713 0,003661525 0,003573047 0,002241685 0,002112642
0,001012447 0,003657885 0,003578043 0,002241232 0,002107675
0,00101588 0,003656541 0,003578636 0,002237404 0,002104091
0,001019332 0,003654951 0,003579914 0,002233476 0,002100214
0,001020084 0,003655444 0,003581057 0,002232885 0,002099821
0,001022226 0,003655388 0,003582396 0,002231413 0,00209795
0,001022226 0,003655388 0,003582396 0,002231413 0,00209795
0,001009422 0,003652143 0,003594198 0,002241422 0,00209768
0,001017564 0,003649417 0,003592014 0,002235169 0,002093127
0,001022262 0,003647013 0,003591299 0,002231496 0,002090641
0,001021691 0,003643741 0,003593334 0,00223123 0,002088188
0,001028065 0,003641614 0,003590333 0,002226076 0,002086545
0,001028065 0,003641614 0,003590333 0,002226076 0,002086545
0,001031907 0,003641868 0,003586109 0,002224071 0,002087844
0,001023861 0,003650066 0,003577137 0,002243031 0,002107786
0,001015726 0,003657066 0,003569814 0,00225976 0,00212352
0,001005995 0,003674652 0,003552272 0,002290077 0,002151664
0,001005995 0,003674652 0,003552272 0,002290077 0,002151664
0,0009960302 0,003703754 0,003544321 0,002287355 0,002158009
0,0009977395 0,003711734 0,003536762 0,002294719 0,002160884
0,001009826 0,003703323 0,00353088 0,002300115 0,002162361
0,001020582 0,003696583 0,00352756 0,002320884 0,002174769
0,001030966 0,003718406 0,003516042 0,002307383 0,002133615
0,001030966 0,003718406 0,003516042 0,002307383 0,002133615
0,001046529 0,003710836 0,00349512 0,002294792 0,002097365
0,001047446 0,003708134 0,003485872 0,002286432 0,002080593
0,001045993 0,003701178 0,003476661 0,002275444 0,002059683
0,001045159 0,003693696 0,003471713 0,002266597 0,002047952
0,001044773 0,003693318 0,003471887 0,002262949 0,002045187
0,001044773 0,003693318 0,003471887 0,002262949 0,002045187
0,001047382 0,003684077 0,003483695 0,002253656 0,00205333
0,001038423 0,003700363 0,003509905 0,00228442 0,002107309
0,001028687 0,003709682 0,003543924 0,002309726 0,002153295
0,00102077 0,003719676 0,003557539 0,002314484 0,002172888
0,001018822 0,003726827 0,003584181 0,002273955 0,002161649
0,001018822 0,003726827 0,003584181 0,002273955 0,002161649
0,001043596 0,003716916 0,003631661 0,002224953 0,002120205
0,001081025 0,00371391 0,003673038 0,002168096 0,002040758
0,001097442 0,003725105 0,003697138 0,002133975 0,001989371
0,001152778 0,003701376 0,003718021 0,002077195 0,001901562
0,001220334 0,003688273 0,003728727 0,00203054 0,001804991
0,001220334 0,003688273 0,003728727 0,00203054 0,001804991
0,001287046 0,003565738 0,003726584 0,002034149 0,001794118
0,001297691 0,003554584 0,003726712 0,002019106 0,001784658
0,001308681 0,003388557 0,003690492 0,002069768 0,001861258
0,001300425 0,003375299 0,003694233 0,002104148 0,00188261
0,001300425 0,003375299 0,003694233 0,002104148 0,00188261
0,001297837 0,003452501 0,003710855 0,002098463 0,001851484
0,001292368 0,003492463 0,003719057 0,002099038 0,001840673
0,001294012 0,003546007 0,003727633 0,002095006 0,001830042
0,001286899 0,003588055 0,003728746 0,002095147 0,001832122
0,001277262 0,003604319 0,003726091 0,002095446 0,001835342
0,001277262 0,003604319 0,003726091 0,002095446 0,001835342
0,001256198 0,003626256 0,003730255 0,002087991 0,001839519
0,001257932 0,003643699 0,003737255 0,00208692 0,001843225
0,001253755 0,003627519 0,00372004 0,00209261 0,001850232
0,001254019 0,003637868 0,003723162 0,002099514 0,001859083
0,001253934 0,003637908 0,003722898 0,002105166 0,001871412
0,001253934 0,003637908 0,003722898 0,002105166 0,001871412
0,001257905 0,003665123 0,003727143 0,002126459 0,001887459
0,001269827 0,003681126 0,0037217 0,002147999 0,001902274
0,001274925 0,003673635 0,003715441 0,002153329 0,001905599
0,001291141 0,003672156 0,003724431 0,002188367 0,001922512
0,00128961 0,003688156 0,003728564 0,002198523 0,001949885
0,00128961 0,003688156 0,003728564 0,002198523 0,001949885
0,00128217 0,003674543 0,003724038 0,002225982 0,002001768
0,001265974 0,003667682 0,003724656 0,002236585 0,002018983
0,001283648 0,003637515 0,003696703 0,002231713 0,002026998
0,001263861 0,00364507 0,003688303 0,002225079 0,002018525
0,001271066 0,003650647 0,003682439 0,002226876 0,001978255
0,001271066 0,003650647 0,003682439 0,002226876 0,001978255
0,001262683 0,003689346 0,003660954 0,002249699 0,0019809
0,001265704 0,003715402 0,003653097 0,002252929 0,001993257
0,001267787 0,003736681 0,003651866 0,002250745 0,002010576
0,001275089 0,00374826 0,003651356 0,002251837 0,002023073
0,001283744 0,003761143 0,003654493 0,002249971 0,002043456
0,001283744 0,003761143 0,003654493 0,002249971 0,002043456
0,001319528 0,003746432 0,00365586 0,002255228 0,002062836
0,001326864 0,003764736 0,003667715 0,002242005 0,00206463
0,001357907 0,003734812 0,003662847 0,002229589 0,002064083
0,001364748 0,003724128 0,003680824 0,002233847 0,002056344
0,001368912 0,003698763 0,003709094 0,002232442 0,002029344
0,001368912 0,003698763 0,003709094 0,002232442 0,002029344
0,001330779 0,003645535 0,003710075 0,002160415 0,001864105
0,001301647 0,00359753 0,003698312 0,002129462 0,001840284
0,001299649 0,003548234 0,003695698 0,002131779 0,00185224
0,001287938 0,003537819 0,003689531 0,002091736 0,001816268
0,001287938 0,003537819 0,003689531 0,002091736 0,001816268
0,001280344 0,003506068 0,003672735 0,002060548 0,001808054
0,001262602 0,003544472 0,003655511 0,002047369 0,001821775
0,001250916 0,003559228 0,003635004 0,002059778 0,001851505
0,001197372 0,003605151 0,003627716 0,002071448 0,00188623
0,0011769 0,003625735 0,003615677 0,002151175 0,001977978
0,0011769 0,003625735 0,003615677 0,002151175 0,001977978
0,001012834 0,003692375 0,003589527 0,002262861 0,002106981
0,0009830821 0,003744092 0,003571872 0,002292426 0,00214742
0,0009440384 0,003764047 0,003560258 0,002340427 0,002202797
0,0009157597 0,00379735 0,003552893 0,002376655 0,002248171
0,0009149623 0,003800695 0,003554076 0,00238351 0,002253085
0,0009149623 0,003800695 0,003554076 0,00238351 0,002253085
0,0009397806 0,003772893 0,003553514 0,002383402 0,002252031
0,0009607066 0,003745156 0,003549084 0,002369839 0,002241929
0,000981176 0,003727697 0,003547616 0,002358857 0,002233841
0,0009911775 0,003710224 0,003544827 0,002360263 0,002234831
0,001007207 0,003681163 0,003545417 0,002346593 0,002227756
0,001007207 0,003681163 0,003545417 0,002346593 0,002227756
0,001014204 0,003682186 0,003555507 0,002324193 0,002202472
0,001019108 0,003708586 0,003561242 0,0023128 0,002194606
0,001027139 0,003704989 0,003561365 0,002301398 0,002184674
0,001045305 0,003677733 0,003557192 0,002273504 0,002165199
0,001049243 0,003699264 0,003562987 0,002247077 0,00214937
0,001049243 0,003699264 0,003562987 0,002247077 0,00214937
0,001047483 0,003738074 0,003576136 0,002237888 0,002140457
0,00104275 0,003742059 0,003578211 0,002237907 0,00214249
0,001028232 0,003729947 0,003577843 0,002248199 0,002139817
0,001013964 0,003730738 0,003574571 0,002251145 0,002139648
0,001013964 0,003730738 0,003574571 0,002251145 0,002139648
0,000994893 0,003733661 0,003570372 0,002271743 0,002159246
0,0009882551 0,003731553 0,00356698 0,002284988 0,002171822
0,0009811568 0,003724479 0,003563412 0,002298002 0,002185283
0,0009783218 0,003714894 0,003562841 0,002308537 0,002196933
0,0009774587 0,003710252 0,003563399 0,002312395 0,002201747
0,0009774587 0,003710252 0,003563399 0,002312395 0,002201747
0,0009729005 0,003703522 0,003565877 0,002321283 0,002213628
0,0009735372 0,00370714 0,003569417 0,002319269 0,002214212
0,0009732406 0,003719685 0,003575833 0,002313216 0,002211161
0,000973957 0,003727479 0,003579945 0,002306901 0,002206495
0,0009773184 0,003736999 0,003584644 0,002299956 0,00220101
0,0009773184 0,003736999 0,003584644 0,002299956 0,00220101
0,0009763639 0,00374298 0,003594378 0,002294662 0,002198459
0,0009896723 0,003733487 0,003592568 0,002297566 0,002197783
0,0009941285 0,003729245 0,003591411 0,002298456 0,00219857
0,0009998768 0,003722197 0,003589621 0,002297805 0,002198339
0,001003665 0,003716527 0,003588466 0,002295827 0,002196141
0,001003665 0,003716527 0,003588466 0,002295827 0,002196141
0,001007035 0,003714689 0,00358736 0,002294183 0,002193951
0,0009971602 0,003718044 0,003590806 0,002297459 0,002192534
