0,0009763815 0,00364803 0,001844837 0,00198992 0,001626294
0,0009771022 0,003648413 0,001842842 0,001987952 0,00162426
0,0009777382 0,003649163 0,001842071 0,001986456 0,001623109
0,0009775591 0,003649629 0,001841292 0,001985482 0,00162241
0,0009775591 0,003649629 0,001841292 0,001985482 0,00162241
0,0009780439 0,003651286 0,001840584 0,001984595 0,001621714
0,0009787659 0,003651719 0,001841195 0,001984575 0,001621889
0,0009776978 0,003650755 0,001842538 0,001986789 0,0016233890
0,001186753 0,0033785 0,00174404 0,001851593 0,001500916
0,0008900142 0,003550634 0,001927305 0,001934564 0,001633159
0,0008900142 0,003550634 0,001927305 0,001934564 0,001633159
0,0008932086 0,003552211 0,00192143 0,001931505 0,001629075
0,0008957758 0,003554855 0,001919734 0,001929777 0,001627194
0,000896479 0,003557501 0,001917711 0,001928248 0,001625475
0,0008966225 0,003560047 0,001915108 0,001926601 0,00162301
0,0008963215 0,003563078 0,001913649 0,001925062 0,001621316
0,0008963215 0,003563078 0,001913649 0,001925062 0,001621316
0,0008939405 0,003565472 0,001913178 0,001924016 0,001620481
0,0008913691 0,003565979 0,001911412 0,001922895 0,001619258
0,0008912695 0,003565517 0,001911375 0,001922521 0,001619283
0,0008903433 0,003563932 0,001910657 0,001921537 0,001618599
0,0008893849 0,00356252 0,001909186 0,001921011 0,001617917
0,0008893849 0,00356252 0,001909186 0,001921011 0,001617917
0,0008894204 0,003562788 0,001909557 0,001921423 0,001618319
0,00088956 0,003563809 0,001910348 0,001921372 0,001618518
0,0008870283 0,003565564 0,001910846 0,001919358 0,001615854
0,000886666 0,003565701 0,001912523 0,001920598 0,001617184
0,000886666 0,003565701 0,001912523 0,001920598 0,001617184
0,0008876071 0,003568656 0,00191352 0,001920309 0,001617041
0,0008885106 0,003570126 0,001914778 0,001920551 0,001617163
0,0008905411 0,003571935 0,001916358 0,001921762 0,001617834
0,0008933425 0,003574077 0,001921903 0,001924282 0,001619945
0,0008960913 0,003574097 0,001920562 0,001923883 0,001618692
0,0008960913 0,003574097 0,001920562 0,001923883 0,001618692
0,0008996337 0,003580739 0,001929762 0,001926343 0,001622629
0,0009001323 0,003581624 0,001934666 0,001928011 0,001624729
0,0008984216 0,003581475 0,00193508 0,001927995 0,001624551
0,0008973479 0,003581264 0,001935209 0,001927631 0,001624102
0,0008965797 0,0035815 0,001935672 0,001927407 0,001623869
0,0008965797 0,0035815 0,001935672 0,001927407 0,001623869
0,0008975108 0,003579249 0,00193457 0,001923746 0,00162007
0,0008963486 0,003578367 0,001934148 0,001924186 0,00162071
0,000895749 0,003575655 0,001934926 0,00192539 0,001622097
0,0008978841 0,003573049 0,001933209 0,001925221 0,001621924
0,0008980996 0,003572947 0,001936677 0,001926641 0,001623314
0,0008980996 0,003572947 0,001936677 0,001926641 0,001623314
0,0008975674 0,003574353 0,001939724 0,001928489 0,001625497
0,0008966122 0,003576325 0,001939752 0,001929241 0,001626478
0,0008946732 0,003577299 0,001939095 0,001929855 0,001626889
0,0008936999 0,003578365 0,001938694 0,001930767 0,001627798
0,000891609 0,003579564 0,001937039 0,001930784 0,001627728
0,000891609 0,003579564 0,001937039 0,001930784 0,001627728
0,0008916844 0,00358188 0,001938246 0,001931958 0,00162893
0,0008911096 0,003583739 0,00193742 0,001931703 0,001628464
0,0008916445 0,003584642 0,001939241 0,001931337 0,001628071
0,0008934449 0,003585325 0,001943177 0,001930082 0,001626695
0,0008948121 0,00358526 0,001945395 0,00193166 0,001628533
0,0008948121 0,00358526 0,001945395 0,00193166 0,001628533
0,000896343 0,003585109 0,001947588 0,001932815 0,001630089
0,0008965475 0,003585058 0,001947091 0,001933065 0,001630159
0,000896225 0,003584923 0,001946139 0,001933137 0,001630058
0,0008941039 0,003582414 0,001935703 0,00193145 0,001627805
0,0008941039 0,003582414 0,001935703 0,00193145 0,001627805
0,0008865268 0,003561471 0,001908671 0,001925179 0,001621906
0,0008921598 0,003546302 0,001905774 0,001917055 0,001619012
0,0008955247 0,003510839 0,001885702 0,001901129 0,001602456
0,0009103522 0,003436489 0,001865397 0,001875421 0,001570614
0,0009309034 0,003389879 0,001881281 0,001887606 0,001574238
0,0009309034 0,003389879 0,001881281 0,001887606 0,001574238
0,0008937577 0,00328931 0,002010587 0,001924174 0,001632672
0,0009375268 0,003285692 0,002112099 0,001978363 0,001697102
0,001007474 0,003383973 0,00217515 0,002000948 0,001740276
0,001071641 0,003560099 0,002172249 0,002071244 0,001794602
0,00116137 0,003496722 0,002185825 0,002173397 0,001847513
0,00116137 0,003496722 0,002185825 0,002173397 0,001847513
0,00111735 0,00343063 0,002221414 0,00223471 0,001918891
0,001069398 0,003443487 0,002242635 0,002245762 0,001942493
0,001047094 0,003443353 0,002270224 0,002268714 0,001973942
0,001047519 0,003450992 0,002285104 0,002288974 0,001994405
0,001055593 0,003463144 0,002281479 0,00225979 0,001990299
0,001055593 0,003463144 0,002281479 0,00225979 0,001990299
0,001054935 0,003469073 0,002269567 0,002242636 0,001980284
0,001049887 0,003471867 0,002262963 0,002233775 0,001972237
0,00104076 0,003469061 0,00225951 0,002232276 0,001968995
0,001048826 0,003476825 0,002240639 0,002213644 0,001948084
0,001045599 0,003475268 0,002251465 0,002221633 0,001957655
0,001045599 0,003475268 0,002251465 0,002221633 0,001957655
0,00104487 0,003470967 0,002256201 0,002227286 0,00196216
0,001046699 0,003470001 0,002257122 0,002227803 0,001963554
0,001047739 0,003465187 0,002261676 0,002237618 0,001969653
0,001044063 0,003455902 0,002262446 0,002253288 0,001974276
0,001056359 0,003464796 0,002262567 0,002240994 0,001965111
0,001056359 0,003464796 0,002262567 0,002240994 0,001965111
0,001031322 0,003478917 0,002260471 0,00221025 0,001942254
0,001060422 0,003507927 0,002257203 0,002200168 0,001923803
0,001133236 0,003492324 0,002242704 0,002204807 0,001912643
0,001168263 0,00360113 0,002197172 0,002111171 0,001833806
0,001168263 0,00360113 0,002197172 0,002111171 0,001833806
0,001056816 0,003431614 0,002195858 0,001987575 0,00173815
0,0009044473 0,003283816 0,002143827 0,001907275 0,001658722
0,0008656072 0,003274696 0,002054247 0,001884867 0,00161177
0,000834945 0,003366421 0,001865238 0,001834537 0,001518701
0,0008310439 0,003485098 0,001844923 0,001856763 0,001525913
0,0008310439 0,003485098 0,001844923 0,001856763 0,001525913
0,0008703754 0,003562992 0,001865047 0,001895797 0,001560151
0,0008631783 0,003613316 0,001863679 0,001912777 0,001586314
0,0008667246 0,003619295 0,001883343 0,001929893 0,001612488
0,0008776975 0,003601391 0,001891105 0,001944453 0,001634173
0,0008805888 0,003609621 0,001932186 0,001977958 0,001675312
0,0008805888 0,003609621 0,001932186 0,001977958 0,001675312
0,0008850338 0,003628129 0,001984449 0,002005619 0,001713556
0,0008916666 0,003618987 0,002005855 0,002017407 0,001727308
0,0008901295 0,003610064 0,002015325 0,002026609 0,001735188
0,0008896575 0,003590865 0,002023747 0,002036927 0,001746158
0,0008958612 0,003583638 0,002033607 0,002044549 0,00175443
0,0008958612 0,003583638 0,002033607 0,002044549 0,00175443
0,0009057099 0,00358628 0,002041957 0,002045029 0,001756642
0,0009071291 0,003587877 0,00204482 0,002048645 0,001759093
0,000912978 0,003600183 0,002046239 0,002053891 0,001764181
0,0009108605 0,003608682 0,002049725 0,002056694 0,001767689
0,0009062224 0,00361328 0,002048148 0,002056782 0,001766978
0,0009062224 0,00361328 0,002048148 0,002056782 0,001766978
0,0009046861 0,003618376 0,002041101 0,002050129 0,0017589
0,0008987633 0,00361738 0,002034294 0,0020492 0,001753772
0,0008956626 0,003614755 0,002032046 0,00205027 0,001751762
0,0008920989 0,003614515 0,002028582 0,002051405 0,001747545
0,0008917383 0,003617008 0,00202831 0,002053781 0,001745069
0,0008917383 0,003617008 0,00202831 0,002053781 0,001745069
0,0008915786 0,003625919 0,002031015 0,002076911 0,001746412
0,0009046303 0,003637459 0,002053615 0,002122603 0,001760244
0,0009144368 0,0036395 0,002066785 0,002148554 0,001769969
0,0009309201 0,003632778 0,002058957 0,002208643 0,001773163
0,0009309201 0,003632778 0,002058957 0,002208643 0,001773163
0,0009840771 0,003594713 0,002067672 0,002311812 0,001786491
0,001001125 0,003579991 0,00209607 0,002311616 0,001806032
0,001001895 0,003576907 0,00213458 0,002311987 0,001822921
0,001008825 0,003581512 0,00215752 0,002301625 0,001827841
0,001015227 0,003576302 0,002188928 0,002273566 0,001841636
0,001015227 0,003576302 0,002188928 0,002273566 0,001841636
0,0009911524 0,003544348 0,002225066 0,002248548 0,001868285
0,0009837348 0,003531613 0,002245947 0,002208053 0,001876405
0,0009693531 0,003520306 0,002256713 0,002182239 0,001881417
0,0009638874 0,00352434 0,002239956 0,002173693 0,001875285
0,0009606329 0,003526856 0,002241646 0,002164976 0,00187767
0,0009606329 0,003526856 0,002241646 0,002164976 0,00187767
0,0009358082 0,003510566 0,002231359 0,002169837 0,001878744
0,000932021 0,003506321 0,00222501 0,00217107 0,001878244
0,0009363336 0,003504589 0,002202538 0,002171128 0,001873155
0,0009307996 0,003500798 0,002206493 0,002169495 0,001874423
0,0009237396 0,003500157 0,002205389 0,002173052 0,00187626
0,0009237396 0,003500157 0,002205389 0,002173052 0,00187626
0,0009344071 0,003525398 0,002174991 0,00216451 0,001861917
0,000937213 0,00353671 0,002155602 0,002181024 0,001843554
0,0009236616 0,003548836 0,00213382 0,00219766 0,001821699
0,0008919215 0,003586112 0,002060592 0,002116093 0,001768996
0,000888261 0,003622642 0,001994714 0,002064633 0,001738452
0,000888261 0,003622642 0,001994714 0,002064633 0,001738452
0,0008520606 0,00356398 0,00187559 0,001907021 0,001597143
0,0008671117 0,003432881 0,001849602 0,001871381 0,001555751
0,0009089517 0,003297977 0,001885481 0,001860734 0,001558778
0,0009404206 0,003213616 0,00197239 0,001903224 0,00161738
0,0009404206 0,003213616 0,00197239 0,001903224 0,00161738
0,0008939463 0,0032107 0,002090052 0,001922525 0,001656923
0,0009476328 0,003345801 0,002160835 0,001964926 0,001711027
0,001080538 0,003471422 0,002173727 0,001990733 0,001747957
0,001080377 0,003525824 0,00214489 0,002015093 0,001738591
0,001074568 0,003576797 0,002120878 0,001999829 0,001724334
0,001074568 0,003576797 0,002120878 0,001999829 0,001724334
0,001092808 0,003605583 0,002074434 0,002035072 0,001721026
0,001092673 0,00359939 0,002052173 0,002044749 0,001718036
0,001121302 0,00358274 0,00207168 0,002079642 0,001733395
0,001149168 0,003585245 0,002081199 0,002100512 0,001741289
0,00116392 0,003583705 0,002088702 0,00211383 0,001746575
0,00116392 0,003583705 0,002088702 0,00211383 0,001746575
0,001117956 0,003596018 0,002085513 0,002090829 0,001731119
0,001099741 0,003535931 0,002118707 0,002066408 0,001741747
0,001085449 0,003522492 0,00219334 0,002059758 0,001780793
0,00101117 0,003453759 0,002251959 0,002029069 0,001784777
0,0009460127 0,003414085 0,002232485 0,00198723 0,001741563
0,0009460127 0,003414085 0,002232485 0,00198723 0,001741563
0,0007779044 0,003480434 0,002028683 0,001903796 0,001635876
0,0007862488 0,003522277 0,00195038 0,001910622 0,001606275
0,000808195 0,003608667 0,001888369 0,001909184 0,00159511
0,0008480152 0,003650046 0,001909357 0,001957241 0,001641881
0,0008728305 0,003676457 0,001927981 0,001970831 0,001664885
0,0008728305 0,003676457 0,001927981 0,001970831 0,001664885
0,0008876889 0,003664467 0,001996481 0,002050281 0,001751538
0,0008906496 0,003671036 0,002022468 0,002056904 0,001763131
0,0008901331 0,003684792 0,002042034 0,002071782 0,001775419
0,0008810239 0,003671802 0,002046259 0,002087771 0,001780518
0,0008772262 0,003663443 0,00204844 0,002094683 0,001779974
0,0008772262 0,003663443 0,00204844 0,002094683 0,001779974
0,0008890512 0,003643044 0,002063409 0,00212648 0,00179397
0,0008957217 0,003638507 0,002065049 0,002142299 0,001797392
0,0008997655 0,003638979 0,002066354 0,002151844 0,001801843
0,0009031289 0,00364646 0,002063218 0,002151707 0,00180405
0,0009031289 0,00364646 0,002063218 0,002151707 0,00180405
0,0009057013 0,003654446 0,002058809 0,002148683 0,001801846
0,0008986273 0,003655967 0,002050216 0,002151388 0,001797155
0,0008920444 0,003659505 0,002042804 0,002152253 0,001791985
0,0008875654 0,003653294 0,002040705 0,002168918 0,00178973
0,0008881786 0,003624931 0,002041214 0,002202293 0,00178826
0,0008881786 0,003624931 0,002041214 0,002202293 0,00178826
0,0009088395 0,003583305 0,002045062 0,002256891 0,001790449
0,000917974 0,003556311 0,002051444 0,002298325 0,001792376
0,0009253515 0,003531757 0,002055182 0,002323208 0,001791288
0,0009236569 0,003530677 0,002046982 0,002323169 0,001776484
0,0009124057 0,003532185 0,002047848 0,002288036 0,001775115
0,0009124057 0,003532185 0,002047848 0,002288036 0,001775115
0,0008792378 0,003601012 0,002026715 0,002177428 0,001748862
0,0008519712 0,003633527 0,00198709 0,002065399 0,001719583
0,0008604164 0,00359699 0,001926832 0,001985274 0,00166995
0,0008615507 0,003499488 0,001873679 0,001902986 0,001605464
0,0008926445 0,003428687 0,001886933 0,001933007 0,001624079
0,0008926445 0,003428687 0,001886933 0,001933007 0,001624079
0,00091516 0,003252038 0,002016364 0,001931733 0,001638988
0,0009956722 0,003183155 0,002124433 0,002007374 0,00172092
0,001017415 0,003196808 0,002140444 0,002055876 0,001742785
0,001128388 0,003481812 0,002219095 0,002169675 0,001836597
0,001076611 0,003538806 0,002259667 0,002223229 0,00190797
0,001076611 0,003538806 0,002259667 0,002223229 0,00190797
0,001052208 0,003554432 0,002277847 0,002259295 0,001963998
0,001069621 0,003539802 0,002254604 0,002254869 0,001961223
0,001061408 0,003536978 0,002205826 0,002206918 0,001927029
0,00107775 0,003505751 0,002224129 0,002214995 0,001931306
0,001087112 0,003514308 0,002226551 0,002211751 0,00192313
0,001087112 0,003514308 0,002226551 0,002211751 0,00192313
0,001100705 0,00351744 0,002242339 0,002230403 0,001929988
0,00110328 0,003515428 0,002249476 0,002235118 0,001931754
0,001102055 0,003513797 0,002254708 0,002232499 0,001932307
0,001096102 0,00351308 0,002264649 0,002224671 0,001935667
0,001096102 0,00351308 0,002264649 0,002224671 0,001935667
0,001085451 0,003506243 0,002262718 0,002216215 0,00192944
0,001063512 0,003501501 0,002243816 0,002200817 0,001914843
0,001052627 0,003516876 0,002201957 0,002157639 0,001873822
0,0011228 0,003515049 0,002181304 0,002176486 0,001853346
0,001201571 0,003538902 0,002198585 0,002102731 0,001821809
0,001201571 0,003538902 0,002198585 0,002102731 0,001821809
0,001121574 0,003468807 0,002258832 0,002049033 0,001807039
0,0009584352 0,003404431 0,002224728 0,001977162 0,001734766
0,0008696136 0,003399552 0,001995705 0,001901468 0,001617537
0,0008137437 0,003512278 0,001907148 0,001884605 0,00157141
0,0007907875 0,003598155 0,001879552 0,001912335 0,001583381
0,0007907875 0,003598155 0,001879552 0,001912335 0,001583381
0,0008463665 0,00365993 0,001900473 0,00195488 0,001636574
0,0008588963 0,003677656 0,001916721 0,001981987 0,001670299
0,0008683536 0,003688741 0,001939513 0,002005996 0,001706544
0,0008642753 0,003681059 0,001964919 0,002032551 0,001735565
0,0008720818 0,003683976 0,001996699 0,002049336 0,001758757
0,0008720818 0,003683976 0,001996699 0,002049336 0,001758757
0,0008719704 0,003680953 0,002016514 0,002050067 0,001762487
0,0008741638 0,003671693 0,002030685 0,002053657 0,001765811
0,0008756076 0,003669195 0,002026904 0,002049411 0,001761208
0,0008733748 0,003662684 0,002027357 0,00205022 0,00176192
0,0008731453 0,003657223 0,002022775 0,002048649 0,001759847
0,0008731453 0,003657223 0,002022775 0,002048649 0,001759847
0,0008775461 0,003650263 0,002018529 0,002047106 0,001757686
0,0008783375 0,003648261 0,002011816 0,002044183 0,001752079
0,0008679372 0,003651374 0,002008581 0,002049543 0,001750457
0,0008596732 0,00365563 0,002001113 0,002053506 0,001745693
0,0008596732 0,00365563 0,002001113 0,002053506 0,001745693
0,0008549865 0,003667834 0,00199376 0,002061395 0,001741876
0,0008508934 0,003672779 0,001987403 0,002065216 0,001738882
0,0008497023 0,003681576 0,0019836 0,00206599 0,001736251
0,0008561037 0,003684284 0,001973337 0,002055002 0,00172613
0,0008566568 0,003686087 0,001985276 0,002063245 0,00173604
0,0008566568 0,003686087 0,001985276 0,002063245 0,00173604
0,0008607849 0,003682499 0,001993776 0,002073851 0,001740715
0,0008596949 0,003678377 0,001994017 0,002080842 0,001741694
0,0008555664 0,003676789 0,001986828 0,002081678 0,001739274
0,00085091 0,003672053 0,001976962 0,002084933 0,001737179
0,0008549778 0,003666632 0,001983247 0,002095157 0,001746467
0,0008549778 0,003666632 0,001983247 0,002095157 0,001746467
0,0008740874 0,00365916 0,001970881 0,002040645 0,001729459
0,0008623579 0,003645898 0,001930514 0,002002049 0,001690388
0,0008543479 0,003607476 0,001875442 0,00194897 0,001632164
0,0008624354 0,003519973 0,001836717 0,00189573 0,001572847
0,0008884736 0,00342415 0,001862845 0,00190116 0,001572771
0,0008884736 0,00342415 0,001862845 0,00190116 0,001572771
0,0009029658 0,0032951 0,001991749 0,001936605 0,001621925
0,0009558896 0,003272373 0,002166264 0,002011629 0,001723319
0,001045648 0,003343865 0,002216542 0,00203082 0,001761867
0,001080364 0,003515867 0,002174481 0,002041348 0,001753432
0,001169193 0,003564879 0,002216802 0,002150294 0,0018348
0,001169193 0,003564879 0,002216802 0,002150294 0,0018348
0,001092892 0,003531817 0,002222987 0,002211346 0,001891965
0,001052569 0,003521828 0,002216324 0,002220838 0,001904945
0,001018404 0,00350487 0,002217162 0,002229286 0,001917982
0,001012875 0,003501587 0,002222082 0,002220557 0,001922282
0,001012832 0,003504754 0,002229279 0,002215304 0,001926446
0,001012832 0,003504754 0,002229279 0,002215304 0,001926446
0,00102781 0,00352636 0,002231791 0,002194495 0,001915173
0,001030648 0,003535351 0,002226991 0,002177824 0,001904516
0,001036736 0,003541437 0,002221239 0,002158967 0,001891622
0,001030314 0,003533513 0,002193633 0,002153425 0,001875027
0,001030314 0,003533513 0,002193633 0,002153425 0,001875027
0,001078465 0,003503743 0,002166672 0,002157974 0,001841075
0,001133482 0,003476367 0,002139724 0,002129471 0,001794128
0,001176888 0,003465884 0,002165553 0,002056913 0,001771267
0,001115634 0,003443693 0,002241327 0,002028573 0,001784543
0,000984992 0,003305016 0,002228602 0,001953258 0,001733204
0,000984992 0,003305016 0,002228602 0,001953258 0,001733204
0,0008861606 0,003346364 0,001945446 0,001864868 0,001575963
0,0008339169 0,003431143 0,001836366 0,00184288 0,00151888
0,0008218391 0,003508457 0,001823102 0,001875627 0,001541525
0,0008330012 0,003527167 0,001819154 0,001904978 0,001559549
0,0008562166 0,00352489 0,001853816 0,001934978 0,00158603
0,0008562166 0,00352489 0,001853816 0,001934978 0,00158603
0,0008395603 0,003559276 0,001890746 0,001941114 0,001618535
0,0008366399 0,003580563 0,001892513 0,001939014 0,001625292
0,000819208 0,00359168 0,001888348 0,001940914 0,001633438
0,0008124723 0,0035954 0,001882036 0,001941292 0,001637101
0,0008124131 0,003591537 0,001877793 0,00194066 0,001637042
0,0008124131 0,003591537 0,001877793 0,00194066 0,001637042
0,0008171914 0,003592413 0,001879277 0,001938169 0,001634558
0,0008195118 0,00359112 0,001883782 0,001940176 0,001636331
0,0008278863 0,003595496 0,001885683 0,001939789 0,001635276
0,0008368337 0,003594569 0,001897208 0,001945016 0,00164157
0,0008399436 0,00359803 0,00189991 0,001948264 0,001643883
0,0008399436 0,00359803 0,00189991 0,001948264 0,001643883
0,0008395403 0,003606749 0,001901916 0,001950589 0,001644984
0,0008376079 0,003604045 0,00190255 0,001951869 0,001645344
0,00082998 0,003597254 0,001900015 0,001951927 0,001643427
0,0008258179 0,003597795 0,001899088 0,001950598 0,001642387
0,0008212727 0,003600059 0,001892436 0,00194819 0,00163857
0,0008212727 0,003600059 0,001892436 0,00194819 0,00163857
0,000822607 0,003604215 0,00189189 0,001945673 0,001637777
0,0008234223 0,003605762 0,001892283 0,001945414 0,001638112
0,0008255396 0,003607359 0,001894287 0,001946672 0,0016404
0,000826147 0,003607389 0,00189543 0,001948343 0,001642506
0,000826147 0,003607389 0,00189543 0,001948343 0,001642506
0,0008288934 0,003607315 0,00189296 0,001946395 0,001640589
0,0008260555 0,003602974 0,001893512 0,001946276 0,001640295
0,0008247977 0,003601193 0,001894895 0,001946183 0,001640713
0,0008228563 0,003596671 0,001896671 0,001944992 0,001640667
0,0008209423 0,003593425 0,001900791 0,001946192 0,001642862
0,0008209423 0,003593425 0,001900791 0,001946192 0,001642862
0,0008180372 0,003588446 0,001900284 0,001945419 0,001641403
0,0008179769 0,003586919 0,001900651 0,001945864 0,001641194
0,0008188947 0,003585482 0,001899572 0,001945676 0,001640303
0,0008191752 0,003585069 0,001898936 0,001945455 0,001639846
0,0008206576 0,003584123 0,001899335 0,001946004 0,001640117
0,0008206576 0,003584123 0,001899335 0,001946004 0,001640117
0,0008210929 0,003580553 0,001897078 0,001943428 0,00163679
0,0008223517 0,00357701 0,00189679 0,001942575 0,001635916
0,0008233625 0,003575688 0,001896189 0,001942049 0,001635292
0,0008251555 0,003573679 0,001896052 0,001942298 0,001635248
0,0008267413 0,003571891 0,001896697 0,001943019 0,001635813
0,0008267413 0,003571891 0,001896697 0,001943019 0,001635813
0,0008363019 0,003574896 0,001892264 0,001937702 0,001630905
0,0008363735 0,003575948 0,001895451 0,001939997 0,001633335
0,0008375896 0,003578435 0,001896139 0,00194036 0,001634167
0,0008367528 0,003580229 0,001901123 0,001944393 0,001639088
0,0008351405 0,00358613 0,001907842 0,001951379 0,001647049
0,0008351405 0,00358613 0,001907842 0,001951379 0,001647049
0,0008350566 0,003596763 0,001913305 0,001958235 0,001655882
0,0008435143 0,003602372 0,001907071 0,001953725 0,001652642
0,0008465815 0,003605439 0,001902743 0,001946047 0,00164472
0,0008460137 0,003587648 0,001866038 0,001927301 0,001613493
0,0008718981 0,003520943 0,001894064 0,001928771 0,001605243
0,0008718981 0,003520943 0,001894064 0,001928771 0,001605243
0,0009170434 0,00336458 0,002018047 0,001968566 0,001669618
0,0009698856 0,003381992 0,002132434 0,002021213 0,001734119
0,0009947866 0,003363638 0,002191639 0,002067548 0,001783154
0,001002245 0,003450338 0,002164383 0,002071756 0,001773903
0,001002245 0,003450338 0,002164383 0,002071756 0,001773903
0,0009947188 0,003445095 0,002181975 0,002232745 0,001876084
0,0009621892 0,003498879 0,002169176 0,002256095 0,001907055
0,0009473631 0,003524891 0,002143885 0,002278107 0,001921207
0,0009598038 0,00353289 0,002151199 0,00228051 0,001929137
0,000989922 0,003522481 0,002166417 0,002315275 0,001943283
0,000989922 0,003522481 0,002166417 0,002315275 0,001943283
0,001062559 0,003522052 0,002179858 0,002301906 0,001926091
0,001072857 0,003523668 0,002177301 0,002285169 0,001913561
0,001076198 0,003532268 0,002174689 0,002265632 0,001903724
0,001075396 0,003535084 0,0021683 0,002239962 0,001894776
0,001080976 0,003539694 0,002166341 0,002221055 0,001887688
0,001080976 0,003539694 0,002166341 0,002221055 0,001887688
0,001080798 0,003525458 0,002202991 0,002245948 0,001916622
0,0010653 0,003515376 0,002202646 0,002195962 0,001901837
0,001077047 0,003532798 0,00223314 0,002169208 0,001897878
0,001136973 0,003579125 0,002257856 0,002165496 0,001900041
0,001239687 0,00358048 0,002324277 0,002141586 0,001907836
0,001239687 0,00358048 0,002324277 0,002141586 0,001907836
0,000983664 0,003409872 0,00227818 0,002001296 0,001779341
0,0008799291 0,003400511 0,002152887 0,00192685 0,001685936
0,0008285495 0,003432241 0,001993185 0,001892438 0,00160802
0,0007953997 0,00346935 0,001885644 0,001872887 0,0015503
0,0007897883 0,003477304 0,001840662 0,001865119 0,001523425
0,0007897883 0,003477304 0,001840662 0,001865119 0,001523425
0,0008273572 0,003550237 0,001862494 0,001903625 0,001553345
0,0008225078 0,003583332 0,001876722 0,001913792 0,001573607
0,0008220228 0,003593917 0,001881038 0,00192086 0,0015862
0,0008152471 0,003603765 0,001876257 0,001918259 0,001593007
0,0008152471 0,003603765 0,001876257 0,001918259 0,001593007
0,0008174884 0,003591195 0,001862039 0,001921356 0,001605713
0,0008238637 0,003600678 0,001850858 0,00191954 0,001604782
0,0008313968 0,003608072 0,001842614 0,001917168 0,00160189
0,0008363848 0,003611422 0,001836485 0,001915 0,001598422
0,0008393859 0,003612092 0,001836573 0,001913499 0,001597113
0,0008393859 0,003612092 0,001836573 0,001913499 0,001597113
0,0008341549 0,003603679 0,001838934 0,001913775 0,001593625
0,0008328258 0,003601051 0,001841968 0,001913612 0,001592196
0,0008321177 0,003598952 0,001847385 0,001914646 0,001592754
0,0008323716 0,003597272 0,001853216 0,001917499 0,001595509
0,0008260262 0,003594582 0,001845606 0,001915762 0,001591343
0,0008260262 0,003594582 0,001845606 0,001915762 0,001591343
0,0008313089 0,003598465 0,001855127 0,001919792 0,001597392
0,0008313138 0,003600138 0,001849144 0,001917281 0,001594732
0,000833211 0,003602076 0,00185145 0,001918431 0,001596119
0,000835845 0,003602642 0,001848931 0,001918271 0,001596803
0,0008370295 0,003603301 0,001850927 0,001921696 0,001600565
0,0008370295 0,003603301 0,001850927 0,001921696 0,001600565
0,0008359806 0,003603872 0,001848978 0,001918306 0,001600677
0,0008364009 0,0036039 0,001846325 0,001917519 0,001599915
0,0008355672 0,003603654 0,001847217 0,001917588 0,001600798
0,0008346002 0,003603458 0,00184707 0,001917482 0,00160102
