0,001342754 0,002082752 0,001678076 0,002978977 0,001528715
0,001342754 0,002082752 0,001678076 0,002978977 0,001528715
0,001341988 0,002081644 0,001676331 0,002966799 0,001527575
0,001343274 0,002081882 0,001677006 0,002963773 0,001528132
0,001343504 0,002082368 0,001678213 0,002964641 0,001529251
0,001341973 0,00206669 0,00168246 0,003008062 0,001537573
0,001341973 0,00206669 0,00168246 0,003008062 0,001537573
0,001343758 0,002068041 0,00167904 0,00301359 0,001532068
0,00134207 0,002049538 0,001685225 0,003054418 0,001546662
0,001344197 0,002040086 0,001693813 0,003093451 0,001564291
0,001875832 0,002536939 0,002410789 0,003093827 0,002194479
0,001873918 0,002536793 0,002409321 0,003092512 0,002193859
0,001872967 0,002537029 0,002408779 0,003091693 0,002193692
0,001870984 0,002536326 0,002407556 0,003090076 0,002193567
0,001870498 0,002536407 0,002407074 0,003089249 0,002193467
0,001870498 0,002536407 0,002407074 0,003089249 0,002193467
0,001868202 0,002534774 0,002404547 0,003087738 0,002192712
0,001867762 0,002534081 0,002403704 0,003087131 0,002192305
0,001866274 0,002532512 0,002402461 0,003086864 0,002191868
0,001865406 0,002532038 0,002402109 0,003086742 0,002191745
0,001865406 0,002532038 0,002402109 0,003086742 0,002191745
0,001863529 0,002529624 0,002399667 0,003085871 0,002190426
0,001862057 0,002527673 0,002398098 0,003084197 0,002190009
0,001861636 0,002527155 0,0023975 0,003083828 0,002189674
0,001861296 0,00252724 0,002397368 0,003083192 0,00218967
0,001860926 0,002527274 0,002397632 0,003082948 0,002189869
0,001860926 0,002527274 0,002397632 0,003082948 0,002189869
0,001861819 0,002527033 0,002398331 0,003082464 0,00219067
0,001862126 0,002526168 0,002398143 0,003081827 0,00219081
0,001862082 0,002525601 0,002398021 0,00308106 0,002190842
0,001862481 0,002523805 0,002397038 0,003079133 0,002190098
0,001862353 0,002523395 0,002396723 0,003077838 0,00218972
0,001862353 0,002523395 0,002396723 0,003077838 0,00218972
0,001861035 0,002523312 0,002397057 0,003077765 0,002189798
0,001860222 0,002523883 0,002397265 0,00307841 0,002190136
0,001859545 0,002524597 0,002397521 0,003078525 0,002190001
0,001862665 0,002527483 0,002397976 0,003086037 0,002185811
0,001864293 0,002526989 0,002397 0,003101119 0,002180089
0,001864293 0,002526989 0,002397 0,003101119 0,002180089
0,001875954 0,002527583 0,002382873 0,003151367 0,002150648
0,001877907 0,002525675 0,002369063 0,003185935 0,002134039
0,001877601 0,002542212 0,00234524 0,003256372 0,002100042
0,001887037 0,002566447 0,0023454 0,003274285 0,002092494
0,001906376 0,002603387 0,002325997 0,00329671 0,002064391
0,001906376 0,002603387 0,002325997 0,00329671 0,002064391
0,001922263 0,002629258 0,002275825 0,003318179 0,002018537
0,00191942 0,002622947 0,002249133 0,003304325 0,002002998
0,001909523 0,002600058 0,002208401 0,003276259 0,001979636
0,001915014 0,002595033 0,002202513 0,00326369 0,001980866
0,001918518 0,002570369 0,002184282 0,003233017 0,001971599
0,001918518 0,002570369 0,002184282 0,003233017 0,001971599
0,001909731 0,002554876 0,00218806 0,003250505 0,001969262
0,001899067 0,002553791 0,002197037 0,003272835 0,001971752
0,001895587 0,002525176 0,002195177 0,003286021 0,001967583
0,00187925 0,002502827 0,00219351 0,003266945 0,001969144
0,00187925 0,002502827 0,00219351 0,003266945 0,001969144
0,00189046 0,002591315 0,002358371 0,003250343 0,002108439
0,001888565 0,002612462 0,002424575 0,003232172 0,002171276
0,001863817 0,00263344 0,002451902 0,003193361 0,002195571
0,001825091 0,002659817 0,002479812 0,003100544 0,002222928
0,001812454 0,002668251 0,002491531 0,003059827 0,002237397
0,001812454 0,002668251 0,002491531 0,003059827 0,002237397
0,001781838 0,002686798 0,002515924 0,002958023 0,002276011
0,00177145 0,002700408 0,002526375 0,002923653 0,002300137
0,001767615 0,002712052 0,002535193 0,002915323 0,002320435
0,001764043 0,002721003 0,002544414 0,00292314 0,002337543
0,001761105 0,002730489 0,002548539 0,002936495 0,002350228
0,001761105 0,002730489 0,002548539 0,002936495 0,002350228
0,00177069 0,002727911 0,002534238 0,002926565 0,002337076
0,001777949 0,002717415 0,002521533 0,002921662 0,002321882
0,001810202 0,002688106 0,002490864 0,002906089 0,002265817
0,001843859 0,002656428 0,002454172 0,002990362 0,002212061
0,001912029 0,002599999 0,002399637 0,003229321 0,002141407
0,001912029 0,002599999 0,002399637 0,003229321 0,002141407
0,001949945 0,0025707 0,002319276 0,003307414 0,002048788
0,001963376 0,002546086 0,002260302 0,003298173 0,001997131
0,001964882 0,002558623 0,002243123 0,003307667 0,001981681
0,001958679 0,002554693 0,002226541 0,003302259 0,001971853
0,001924716 0,002546163 0,002225934 0,003281525 0,001975412
0,001924716 0,002546163 0,002225934 0,003281525 0,001975412
0,001875157 0,002570061 0,002292204 0,003244855 0,002043873
0,001860406 0,002613997 0,002380871 0,003268165 0,002136954
0,001847385 0,002637481 0,00244354 0,003226091 0,002193312
0,001827681 0,002644005 0,002459049 0,003170215 0,002210987
0,001827681 0,002644005 0,002459049 0,003170215 0,002210987
0,001784704 0,002689033 0,00251966 0,002994796 0,002295326
0,001767552 0,002713994 0,002543889 0,002949202 0,002326558
0,001763488 0,002728643 0,002553524 0,002933933 0,002335414
0,001769304 0,002728031 0,002543564 0,002911783 0,002310281
0,001783961 0,002712933 0,002526614 0,002902329 0,002277174
0,001783961 0,002712933 0,002526614 0,002902329 0,002277174
0,001904782 0,002619024 0,0024222 0,003163422 0,002155314
0,001923043 0,002626713 0,002389583 0,0032663 0,002106856
0,001966276 0,002612135 0,002373392 0,003340288 0,002084768
0,001980409 0,002612125 0,002370275 0,003340972 0,002081269
0,001980843 0,002609166 0,002360863 0,003332892 0,002082769
0,001980843 0,002609166 0,002360863 0,003332892 0,002082769
0,001962803 0,002592531 0,002323407 0,003277145 0,002056101
0,001948178 0,002581744 0,00230335 0,003247618 0,002036149
0,001924079 0,002633441 0,002374765 0,003274227 0,00210277
0,001906293 0,00264424 0,002388368 0,003282148 0,002120234
0,001869199 0,002673456 0,002392109 0,003261763 0,002123995
0,001869199 0,002673456 0,002392109 0,003261763 0,002123995
0,001823849 0,002703437 0,002441084 0,003240559 0,002167439
0,001810339 0,002704748 0,002454153 0,003222883 0,002180976
0,001815148 0,002694245 0,002459364 0,003180092 0,002191734
0,001815287 0,002677779 0,002447113 0,003142568 0,002179926
0,001818294 0,002660502 0,002441548 0,003098071 0,00217027
0,001818294 0,002660502 0,002441548 0,003098071 0,00217027
0,001837143 0,002641488 0,002430275 0,00308077 0,002155146
0,001844717 0,002632739 0,002424394 0,003082303 0,002147334
0,001848971 0,002629419 0,002427689 0,003085917 0,002151943
0,001852175 0,002628611 0,002430234 0,003084635 0,002154886
0,001865795 0,00261385 0,002414669 0,00309896 0,002139093
0,001865795 0,00261385 0,002414669 0,00309896 0,002139093
0,001883534 0,002582053 0,002362102 0,003144489 0,002097829
0,001892756 0,002581278 0,002348042 0,003168788 0,002089773
0,001896185 0,002589527 0,002349994 0,003184206 0,002090211
0,001918533 0,002542948 0,002326974 0,003231854 0,002080624
0,001918533 0,002542948 0,002326974 0,003231854 0,002080624
0,001916185 0,002569949 0,002337185 0,003254096 0,002078203
0,001939709 0,002589097 0,002354561 0,003270161 0,002091078
0,001958658 0,002596563 0,002353775 0,003253486 0,002089204
0,001965339 0,002636565 0,00236991 0,003266941 0,002100667
0,001963542 0,002616499 0,002312797 0,003278507 0,00204975
0,001963542 0,002616499 0,002312797 0,003278507 0,00204975
0,001936597 0,002583695 0,002241534 0,003279684 0,002004619
0,001934231 0,002581048 0,002210479 0,003278917 0,001980394
0,001919075 0,002598424 0,002206196 0,003280532 0,001983297
0,001918922 0,00261789 0,002202632 0,003288499 0,001971073
0,001903146 0,002637558 0,00221548 0,003318292 0,001986506
0,001903146 0,002637558 0,00221548 0,003318292 0,001986506
0,001892399 0,002649609 0,002215493 0,003338013 0,001975358
0,00188856 0,00265339 0,002211933 0,003350348 0,001966967
0,001881042 0,00265635 0,002213152 0,003358033 0,001966697
0,001879386 0,002662067 0,002221224 0,003355737 0,001970403
0,001872031 0,002659914 0,002229736 0,003344972 0,001984861
0,001872031 0,002659914 0,002229736 0,003344972 0,001984861
0,001873818 0,002664741 0,002245146 0,003346392 0,002001835
0,001873119 0,002650694 0,002246658 0,003336579 0,002011166
0,001880317 0,002605053 0,002218136 0,003333001 0,001989736
0,001875254 0,002596244 0,002223366 0,003341202 0,001998642
0,001874326 0,002575426 0,002212977 0,003353245 0,001990194
0,001874326 0,002575426 0,002212977 0,003353245 0,001990194
0,001900546 0,002593702 0,002266805 0,003302694 0,002037467
0,001904533 0,002616353 0,002325036 0,003263053 0,002084969
0,001897512 0,002673973 0,002423827 0,003281235 0,002179677
0,001905624 0,002675073 0,002473604 0,003276152 0,002226742
0,001905624 0,002675073 0,002473604 0,003276152 0,002226742
0,001879804 0,002680207 0,002504303 0,003235689 0,002247277
0,001841501 0,002692665 0,002520359 0,00322327 0,002264982
0,001803973 0,002708981 0,002532384 0,003124485 0,002280901
0,001784568 0,002734702 0,002555463 0,003083319 0,002315458
0,00174597 0,002788284 0,002597046 0,002994712 0,002366415
0,00174597 0,002788284 0,002597046 0,002994712 0,002366415
0,001671968 0,002840318 0,002625434 0,002960457 0,002412407
0,001637964 0,002866048 0,002636091 0,002949822 0,002436297
0,001602237 0,002894806 0,002642763 0,002957136 0,00244442
0,001585661 0,002894842 0,002637218 0,002967115 0,002442193
0,001582244 0,002876488 0,002616718 0,002992265 0,00242374
0,001582244 0,002876488 0,002616718 0,002992265 0,00242374
0,001582396 0,002854862 0,002593062 0,00300207 0,002386761
0,001581638 0,002840628 0,002581244 0,003003554 0,00237135
0,001594542 0,002830354 0,002578737 0,003006062 0,002373917
0,00160542 0,002835403 0,002589663 0,00301129 0,002389651
0,001627655 0,002828671 0,002584961 0,003034074 0,002385565
0,001627655 0,002828671 0,002584961 0,003034074 0,002385565
0,001667303 0,002813155 0,002573638 0,003069084 0,002366655
0,001699519 0,002790401 0,002553643 0,003081033 0,002339162
0,001720466 0,00278503 0,002550844 0,003090743 0,00232927
0,001769015 0,002747302 0,002523783 0,003105285 0,002289785
0,001790587 0,002746615 0,002527812 0,00309738 0,002282376
0,001790587 0,002746615 0,002527812 0,00309738 0,002282376
0,001866165 0,002691768 0,00249162 0,003110099 0,002232145
0,001899937 0,002655128 0,002461371 0,00312764 0,002196763
0,001907962 0,002649332 0,002454306 0,003134015 0,002184757
0,001902462 0,002621609 0,002414759 0,003167958 0,002146031
0,001912771 0,00262527 0,002413547 0,003165133 0,00213228
0,001912771 0,00262527 0,002413547 0,003165133 0,00213228
0,001896035 0,002616589 0,002402307 0,003209338 0,002124533
0,001893748 0,002646532 0,002431575 0,003213366 0,00215115
0,001890095 0,00265504 0,002434163 0,003221865 0,002150818
0,001899724 0,002632596 0,002400862 0,00323048 0,002116179
0,001904226 0,002626364 0,002392589 0,003233171 0,002106203
0,001904226 0,002626364 0,002392589 0,003233171 0,002106203
0,001907956 0,002637746 0,002409933 0,003234627 0,002126212
0,001913032 0,002634756 0,00242934 0,003254209 0,002153651
0,001918677 0,002633769 0,002438565 0,003263249 0,002167
0,00191746 0,002632954 0,002449365 0,003278961 0,002183033
0,00191746 0,002632954 0,002449365 0,003278961 0,002183033
0,001880606 0,002679884 0,002490101 0,003261067 0,002220398
0,001852355 0,002706492 0,002504768 0,003242055 0,002237155
0,001833213 0,002697388 0,002483811 0,003223369 0,002216211
0,001822689 0,002699749 0,002482372 0,003219599 0,002213342
0,001814583 0,002719715 0,002502581 0,003218437 0,00223274
0,001814583 0,002719715 0,002502581 0,003218437 0,00223274
0,001804954 0,002697362 0,002477694 0,003189169 0,002208138
0,001797812 0,002705472 0,002490903 0,003167424 0,002220275
0,001792099 0,002711202 0,002501103 0,003153297 0,002232647
0,001790522 0,002686609 0,002476787 0,003121536 0,002215712
0,001791395 0,002680473 0,002475297 0,003112649 0,002216764
0,001791395 0,002680473 0,002475297 0,003112649 0,002216764
0,001780894 0,002711411 0,002503236 0,003087148 0,002244081
0,00177937 0,002721054 0,002516038 0,003082769 0,002260143
0,00178315 0,002725068 0,002520808 0,003085781 0,002267013
0,001792673 0,002729879 0,002524855 0,003088867 0,002272615
0,001796371 0,002731431 0,00252418 0,003092504 0,002272462
0,001796371 0,002731431 0,00252418 0,003092504 0,002272462
0,001808435 0,002734138 0,002519264 0,003104001 0,002267785
0,001823561 0,002731731 0,002514022 0,003118464 0,002258138
0,001832905 0,002710199 0,002494154 0,003129185 0,002234379
0,001851016 0,002682718 0,002466053 0,003136643 0,002204198
0,001855862 0,002679049 0,002461563 0,003136727 0,002197034
0,001855862 0,002679049 0,002461563 0,003136727 0,002197034
0,001864353 0,00266953 0,002454958 0,003172683 0,002184758
0,001870834 0,002641049 0,002430334 0,00318062 0,002160338
0,001872963 0,002640269 0,00243046 0,003179601 0,002157012
0,001872127 0,00265639 0,00244544 0,003182895 0,002168729
0,001862075 0,002670123 0,002460005 0,003205823 0,002180884
0,001862075 0,002670123 0,002460005 0,003205823 0,002180884
0,001861493 0,002647546 0,002434678 0,003219158 0,002152603
0,001862714 0,002638933 0,002424515 0,003215605 0,002142591
0,001860079 0,002633043 0,002419349 0,003209573 0,002141345
0,001859942 0,002638457 0,002424025 0,003203504 0,002146158
0,001859942 0,002638457 0,002424025 0,003203504 0,002146158
0,001851789 0,002641594 0,002423876 0,003196557 0,002151533
0,001852898 0,002642705 0,002420946 0,003188585 0,00215172
0,001848297 0,002644042 0,002420769 0,003189522 0,002152329
0,001843903 0,002647143 0,002422014 0,003192064 0,002154275
0,001841769 0,002647222 0,002421276 0,003193184 0,002154244
0,001841769 0,002647222 0,002421276 0,003193184 0,002154244
0,00185128 0,002649723 0,002421706 0,003192412 0,002153237
0,001847314 0,002653694 0,002426308 0,003203739 0,002153634
0,001858612 0,002653364 0,002424977 0,003203019 0,002150456
0,00186138 0,002662622 0,002434663 0,003212298 0,002153256
0,001859166 0,002670696 0,002443746 0,003218612 0,002158492
0,001859166 0,002670696 0,002443746 0,003218612 0,002158492
0,001851734 0,002690981 0,00246819 0,003228914 0,002176102
0,001847382 0,00270313 0,002481666 0,003231565 0,002187793
0,001844917 0,002710287 0,002489068 0,003232044 0,002194589
0,001852234 0,002712977 0,002490425 0,003222955 0,002198047
0,001845391 0,002718029 0,002496341 0,003224378 0,002203303
0,001845391 0,002718029 0,002496341 0,003224378 0,002203303
0,001844346 0,002717433 0,002495446 0,003218243 0,002205846
0,001838058 0,002717385 0,002497539 0,00321979 0,002210073
0,001835337 0,002716861 0,002498171 0,003220234 0,002211949
0,001832647 0,002717663 0,002499498 0,003220069 0,002214039
0,001830864 0,002716343 0,002498515 0,0032195 0,0022141
0,001830864 0,002716343 0,002498515 0,0032195 0,0022141
0,001830295 0,002713209 0,002495248 0,003218578 0,002212735
0,00184293 0,002706271 0,002485377 0,003209777 0,002205426
0,001843998 0,002702236 0,002480059 0,003209918 0,002199821
0,001841421 0,002702594 0,002480917 0,003212727 0,002199945
0,001841421 0,002702594 0,002480917 0,003212727 0,002199945
0,001836649 0,002704087 0,00248349 0,003219977 0,002200438
0,001835513 0,002705008 0,00248453 0,003223018 0,00220021
0,001835019 0,002705562 0,002484938 0,003224707 0,002200004
0,001834582 0,002705963 0,002485269 0,003226343 0,002199233
0,001834653 0,002705196 0,00248443 0,003227349 0,002197994
0,001834653 0,002705196 0,00248443 0,003227349 0,002197994
0,001835454 0,002703613 0,002482701 0,003228929 0,002195639
0,001843385 0,00269959 0,002476233 0,003221968 0,002189897
0,001851131 0,002695543 0,002469813 0,003213995 0,002184926
0,001839889 0,002698138 0,002473607 0,003217835 0,002187848
0,001835497 0,00269868 0,002474184 0,003217634 0,0021884
0,001835497 0,00269868 0,002474184 0,003217634 0,0021884
0,001820522 0,002697181 0,002471347 0,003220366 0,002186884
0,001807825 0,002687649 0,002456149 0,00322343 0,002170698
0,001799582 0,002682878 0,002443816 0,003227297 0,002158352
0,001791245 0,002675843 0,002430268 0,003228566 0,002144295
0,001783278 0,002635846 0,002374976 0,003219164 0,002104812
0,001783278 0,002635846 0,002374976 0,003219164 0,002104812
0,001764423 0,002579181 0,002297057 0,003221309 0,002035748
0,001764479 0,002544233 0,002250806 0,003219696 0,001991639
0,001763772 0,002486448 0,002173152 0,003216436 0,00191911
0,001761327 0,002457016 0,002132815 0,003214781 0,001880666
0,001751799 0,002420434 0,002080966 0,003213997 0,001831548
0,001751799 0,002420434 0,002080966 0,003213997 0,001831548
0,00173092 0,00238396 0,002036195 0,003213481 0,001795996
0,001722472 0,002374558 0,00202566 0,003209895 0,001785025
0,001708055 0,002369708 0,002020088 0,003205188 0,00177889
0,001701526 0,002367065 0,00201353 0,003201124 0,001774571
0,001701526 0,002367065 0,00201353 0,003201124 0,001774571
0,001685822 0,002362652 0,002006111 0,003195314 0,001769731
0,001680109 0,002360371 0,002002133 0,003191851 0,001766094
0,001674171 0,002355537 0,00199255 0,003183221 0,001758141
0,001659791 0,00230013 0,001925932 0,003161633 0,001705864
0,001666503 0,002278652 0,001903227 0,003130825 0,001678306
0,001666503 0,002278652 0,001903227 0,003130825 0,001678306
0,001658484 0,002218866 0,001841417 0,003087998 0,001629435
0,001662638 0,00219843 0,001821856 0,003056427 0,001609467
0,001664703 0,002184637 0,001806226 0,003039151 0,001595978
0,001664897 0,002161828 0,001775982 0,003020929 0,00157388
0,001668081 0,002152895 0,001765796 0,003010208 0,001565564
