0,02044168 -0,1589349 0,2303478
0,02007198 -0,1583472 0,2287783
0,0196348 -0,1580382 0,2273051
0,01893263 -0,1578138 0,2253457
0,01893263 -0,1578138 0,2253457
0,01774263 -0,1584928 0,2238358
0,01624807 -0,1598879 0,2224119
0,01434854 -0,1640116 0,2219443
0,01235423 -0,1679296 0,2215189
0,01013967 -0,1736524 0,2221187
0,01013967 -0,1736524 0,2221187
0,00804338 -0,1798995 0,2219092
0,005884534 -0,1863851 0,2222571
0,003394875 -0,1916975 0,2258371
0,0002624864 -0,1921752 0,2292543
-0,001801295 -0,1933512 0,2335169
-0,001801295 -0,1933512 0,2335169
-0,002414141 -0,1841688 0,2389921
-0,003746028 -0,1704197 0,2444438
-0,004242774 -0,144569 0,2519113
-0,004814065 -0,1149687 0,2572818
-0,004127784 -0,07671326 0,266647
-0,004127784 -0,07671326 0,266647
-7,151932E-05 -0,0378525 0,2675627
0,002116795 0,002291203 0,267695
0,006242866 0,03950988 0,2601034
0,009674022 0,07107559 0,2553403
0,009674022 0,07107559 0,2553403
0,01188011 0,09802355 0,2461353
0,01456913 0,1211957 0,2379055
0,01760056 0,1446281 0,2285793
0,02022945 0,1570252 0,2210082
0,02303707 0,1782194 0,2124438
0,02303707 0,1782194 0,2124438
0,0237624 0,1833837 0,2113715
0,02477363 0,1895737 0,2090583
0,02579657 0,1915038 0,2083495
0,0266839 0,1921681 0,2089603
0,027305 0,1906715 0,2087146
0,027305 0,1906715 0,2087146
0,02722065 0,1909236 0,2100963
0,02649536 0,187603 0,2121593
0,02613534 0,185737 0,2144658
0,02621124 0,1850375 0,2162779
0,0255177 0,1820295 0,2184289
0,0255177 0,1820295 0,2184289
0,024909 0,1775552 0,2214401
0,02459848 0,1744435 0,2233543
0,02460031 0,1719512 0,2250283
0,02482258 0,1715661 0,2259891
0,02514581 0,1709993 0,2269493
0,02514581 0,1709993 0,2269493
0,02512671 0,1698649 0,2278215
0,02534928 0,1689813 0,2280373
0,02550876 0,1685808 0,2285883
0,02565945 0,1678533 0,22838
0,0261965 0,168244 0,2287446
0,0261965 0,168244 0,2287446
0,02656321 0,1690833 0,2284162
0,02682377 0,1683077 0,2287526
0,02723559 0,1682211 0,2285246
0,02721402 0,1679009 0,2279324
0,02735398 0,1660503 0,2287334
0,02735398 0,1660503 0,2287334
0,02713501 0,165346 0,2292227
0,02708579 0,1645894 0,2293942
0,02687958 0,165288 0,2296421
0,02698005 0,16585 0,2300239
0,02698005 0,16585 0,2300239
0,02703344 0,1665129 0,2300844
0,02723862 0,1654485 0,2305326
0,02722803 0,1650788 0,2305615
0,02762686 0,1632785 0,2312802
0,02785301 0,1630847 0,2313893
0,02785301 0,1630847 0,2313893
0,02751639 0,1634872 0,2318197
0,02746515 0,1632308 0,231944
0,02782606 0,1628078 0,2319044
