0,005346747 -0,1536351 0,1590504
0,0055403 -0,1537726 0,1604755
0,00548888 -0,1535933 0,1599046
0,005436378 -0,1536569 0,1602277
0,005275534 -0,1537781 0,160686
0,005275534 -0,1537781 0,160686
0,004955454 -0,1538818 0,1611862
0,004513754 -0,1540541 0,1617804
0,003990296 -0,1545813 0,1624979
0,00346878 -0,1549083 0,1628659
0,002977194 -0,1551357 0,1629326
0,002977194 -0,1551357 0,1629326
0,002634783 -0,1554144 0,16289
0,00270645 -0,1562137 0,1632053
0,003324152 -0,1579068 0,1646028
0,004511057 -0,1601244 0,1663949
0,008292387 -0,1636631 0,1694948
0,008292387 -0,1636631 0,1694948
0,0194458 -0,1656879 0,1761343
0,03241272 -0,1672091 0,1862868
0,05110204 -0,1650749 0,19742
0,0691079 -0,1599728 0,2068323
0,08689421 -0,1411526 0,2148456
0,08689421 -0,1411526 0,2148456
0,10381 -0,1157801 0,2171447
0,1173392 -0,09181926 0,2191812
0,1226952 -0,06576285 0,2166759
0,1260946 -0,03951392 0,2117642
0,1204049 -0,01381424 0,2002341
0,1204049 -0,01381424 0,2002341
0,105477 0,005546927 0,1881762
0,09124003 0,0243202 0,1761054
0,07129809 0,03692374 0,1642835
0,0507394 0,04600094 0,1514597
0,0507394 0,04600094 0,1514597
0,02825682 0,04548109 0,133866
0,006049582 0,04309231 0,1186421
-0,014256 0,03623797 0,1043844
-0,03195347 0,02580108 0,09137921
-0,04788724 0,01247848 0,08088852
-0,05829893 -0,007245019 0,0819439
-0,05829893 -0,007245019 0,0819439
-0,06134493 -0,02350221 0,08563948
-0,05923864 -0,04349174 0,09377337
-0,04725388 -0,06513013 0,1139723
-0,02554948 -0,08122562 0,1387611
-0,02554948 -0,08122562 0,1387611
0,01117907 -0,1019584 0,2063651
0,04423037 -0,1137597 0,2335033
0,07514587 -0,1261514 0,2531069
0,0972225 -0,1319188 0,2640744
0,1010334 -0,1295263 0,2648013
0,1010334 -0,1295263 0,2648013
0,1018773 -0,1259129 0,2561236
0,09780338 -0,1259016 0,2533811
0,09437419 -0,1275514 0,2522894
0,09356939 -0,1294465 0,2516322
0,0947732 -0,1309237 0,2525418
0,0947732 -0,1309237 0,2525418
0,09739857 -0,131505 0,2540883
0,09956259 -0,1323026 0,2555896
0,1025936 -0,132221 0,2559454
0,1040507 -0,1337721 0,2572919
0,1063358 -0,1328088 0,2572061
0,1063358 -0,1328088 0,2572061
0,1060491 -0,1337423 0,2572052
0,1069342 -0,1334593 0,257039
0,1076758 -0,1333016 0,2566947
0,1086991 -0,1328237 0,2561432
0,1092078 -0,1331918 0,2557916
0,1092078 -0,1331918 0,2557916
0,1096121 -0,1334789 0,2559921
0,1103305 -0,1332992 0,2558595
0,1111123 -0,1331821 0,255663
0,1118615 -0,1330201 0,2553248
0,1118615 -0,1330201 0,2553248
0,1122543 -0,1332622 0,2552615
0,1125709 -0,1336255 0,2550649
0,1130815 -0,1338043 0,2549314
0,1138385 -0,1340393 0,2547754
0,1148844 -0,1338752 0,2544171
0,1148844 -0,1338752 0,2544171
0,1155178 -0,1341322 0,2541147
0,1163182 -0,1340161 0,2538503
0,1169949 -0,1339947 0,2536219
0,117707 -0,1338932 0,2533136
0,1182465 -0,1342251 0,2530517
0,1182465 -0,1342251 0,2530517
0,1182137 -0,1347883 0,252781
0,1181733 -0,135452 0,2526756
0,1179638 -0,1363445 0,2525997
0,1180276 -0,1369517 0,2524899
0,1186785 -0,136826 0,2522507
0,1186785 -0,136826 0,2522507
0,1186344 -0,137623 0,2525144
0,1184153 -0,1385977 0,2528095
0,1184473 -0,1389532 0,2530612
0,1185953 -0,1389713 0,2534664
0,1189667 -0,1384581 0,2542533
0,1189667 -0,1384581 0,2542533
0,1197654 -0,1377585 0,2555727
0,1211246 -0,1368026 0,2553616
