0,0286278 -0,1357581 0,2178935
0,0302102 -0,1276765 0,2135087
0,0308059 -0,1237614 0,2110149
0,03171196 -0,116476 0,205376
0,03255847 -0,1088931 0,2006144
0,03255847 -0,1088931 0,2006144
0,03248206 -0,1049696 0,1972639
0,03266288 -0,1003835 0,1940703
0,03248302 -0,09687805 0,1904288
0,03217498 -0,09431207 0,1879689
0,03217498 -0,09431207 0,1879689
0,03137748 -0,0935777 0,1863135
0,03017377 -0,09452786 0,1855844
0,02861541 -0,09659207 0,1857249
0,02658255 -0,1007799 0,1872109
0,02423369 -0,1061207 0,1906113
0,02423369 -0,1061207 0,1906113
0,02169818 -0,1140601 0,1959188
0,01808365 -0,1248352 0,2024241
0,01511073 -0,133486 0,2081164
0,01156561 -0,1425186 0,2147545
0,008177627 -0,1514301 0,2208834
0,008177627 -0,1514301 0,2208834
0,00425612 -0,1563596 0,2281583
0,001145683 -0,1563899 0,2368904
-0,001391879 -0,1522865 0,2458603
-0,002459796 -0,1345019 0,2557351
-0,003877828 -0,1123173 0,2645949
-0,003877828 -0,1123173 0,2645949
-0,002115598 -0,07522431 0,2699181
8,499579E-05 -0,03848264 0,2714005
0,00185088 -0,002216876 0,2713552
0,005093889 0,03762491 0,2675576
0,007617278 0,0736798 0,2578487
0,007617278 0,0736798 0,2578487
0,009643766 0,09609489 0,2494837
0,01223101 0,1277071 0,2418366
0,01490997 0,1562658 0,2325507
0,01695866 0,1743359 0,2258589
0,01695866 0,1743359 0,2258589
0,01992023 0,1799211 0,220279
0,02254537 0,1878612 0,2144981
0,02340474 0,1970334 0,2122763
0,02504484 0,2032203 0,2099995
0,02615022 0,2075956 0,2083476
0,02615022 0,2075956 0,2083476
0,02666931 0,2119907 0,2081071
0,02749081 0,2153563 0,2080826
0,02691937 0,2147898 0,2090417
0,02692976 0,2127782 0,2104794
0,02623762 0,2054308 0,2123448
0,02623762 0,2054308 0,2123448
0,02650842 0,1996869 0,2150894
0,02655632 0,1961485 0,2166779
0,02670645 0,1939552 0,2182723
0,02663 0,193517 0,2197472
0,02732661 0,1939516 0,2202411
0,02732661 0,1939516 0,2202411
0,02737065 0,1935126 0,2212872
0,02752496 0,1934782 0,2216682
0,02776325 0,1916897 0,2221673
0,02782143 0,1909056 0,2225568
0,02770041 0,1913173 0,22269
0,02770041 0,1913173 0,22269
0,02769719 0,1903345 0,2227205
0,02765165 0,1911785 0,2227143
0,02742882 0,1911517 0,222895
0,02728919 0,1903144 0,2232221
0,02728919 0,1903144 0,2232221
0,027348 0,1896218 0,2231949
0,02731812 0,189623 0,2231956
0,02735132 0,1895079 0,2231144
0,02745537 0,1896022 0,2231529
0,02743242 0,1895449 0,2231683
0,02743242 0,1895449 0,2231683
0,02725626 0,1891639 0,2235759
0,02706886 0,1884853 0,2237223
0,02727804 0,1879661 0,2239264
0,02717547 0,1871255 0,2242222
0,0269699 0,1867914 0,224325
0,0269699 0,1867914 0,224325
0,02723522 0,186695 0,2245445
0,02738003 0,1867301 0,2245411
0,02729484 0,1870495 0,2248203
0,02756359 0,1873088 0,224646
0,02813732 0,1878503 0,2249022
0,02813732 0,1878503 0,2249022
0,02797817 0,1874024 0,2248901
0,02830144 0,186803 0,2247719
0,02852192 0,1863877 0,224967
0,02843825 0,1858262 0,2251721
0,02877375 0,18573 0,225266
0,02877375 0,18573 0,225266
0,02885297 0,1851669 0,2252371
0,028864 0,1840696 0,2256859
0,02878522 0,1831894 0,2258713
0,02884786 0,1819572 0,2259168
0,02895913 0,1812763 0,2260701
0,02895913 0,1812763 0,2260701
