0,007780952 -0,1728421 0,2446186
0,007780952 -0,1728421 0,2446186
0,008123816 -0,1752662 0,2451846
0,008938731 -0,1778776 0,2457608
0,01174124 -0,1820254 0,2474356
0,0158339 -0,1855814 0,2490708
0,0158339 -0,1855814 0,2490708
0,02840972 -0,1865954 0,2511665
0,04309012 -0,1851579 0,2559856
0,05936274 -0,1788582 0,2607683
0,07517221 -0,1698225 0,2665068
0,09439684 -0,1487576 0,2681235
0,09439684 -0,1487576 0,2681235
0,1052555 -0,1216384 0,2659726
0,112299 -0,09490436 0,2602926
0,1116199 -0,06964415 0,2520384
0,1070682 -0,04589844 0,2402181
0,09340058 -0,02352549 0,2259571
0,09340058 -0,02352549 0,2259571
0,07601585 -0,00681448 0,2098805
0,05793861 0,008259669 0,1933884
0,03701233 0,01626477 0,176544
0,01615399 0,02144612 0,1608881
-0,003324775 0,01508182 0,1452382
-0,003324775 0,01508182 0,1452382
-0,01852313 0,004129529 0,1313381
-0,03409405 -0,005782843 0,118961
-0,04508155 -0,02101126 0,1157245
-0,05242841 -0,039892 0,1154254
-0,04725662 -0,0572409 0,1248062
-0,04725662 -0,0572409 0,1248062
-0,03023878 -0,07354116 0,151753
-0,01136744 -0,0919205 0,1840512
0,01676961 -0,1063548 0,2270611
0,04968913 -0,1176282 0,260713
0,04968913 -0,1176282 0,260713
0,08573156 -0,1377157 0,286956
0,1132441 -0,141459 0,3013619
0,1335884 -0,1462807 0,3073326
0,1375246 -0,1422255 0,2976092
0,1440187 -0,1400274 0,2927536
0,1440187 -0,1400274 0,2927536
0,1371031 -0,1401184 0,2891088
0,1317667 -0,1447269 0,2873183
0,1294787 -0,1470903 0,2856417
0,1301749 -0,1470706 0,2862338
0,131154 -0,1468903 0,2863263
0,131154 -0,1468903 0,2863263
0,132993 -0,1473061 0,2870606
0,1338962 -0,1484949 0,2881006
0,1348852 -0,1488173 0,2888897
0,1348944 -0,1502354 0,2901699
0,1354882 -0,1505312 0,2905278
0,1354882 -0,1505312 0,2905278
0,1341102 -0,1514045 0,2900821
0,1327273 -0,1521126 0,289889
0,1319203 -0,152396 0,2893622
0,1317291 -0,1523579 0,2885935
0,1323126 -0,1514511 0,2885432
0,1323126 -0,1514511 0,2885432
0,1322364 -0,1513249 0,288267
0,1320874 -0,1512948 0,2880515
0,1317978 -0,151457 0,2879783
0,1314139 -0,1517293 0,2878261
0,1310689 -0,1520808 0,2878219
0,1310689 -0,1520808 0,2878219
0,1306406 -0,1523432 0,2877917
0,1301142 -0,1526512 0,2876971
0,1296833 -0,1528384 0,2874136
0,1293706 -0,1529215 0,2872427
0,1293706 -0,1529215 0,2872427
0,1290686 -0,1532103 0,2871971
0,1291075 -0,1532808 0,2871672
0,1291947 -0,1533627 0,2871546
0,1294957 -0,1535952 0,2870556
0,1297058 -0,1539265 0,2869506
0,1297058 -0,1539265 0,2869506
0,1291468 -0,1549321 0,2871329
0,1289527 -0,155408 0,2871666
0,1287241 -0,1554241 0,2872406
0,1286437 -0,1551387 0,2871894
0,1283963 -0,1550827 0,2869656
0,1283963 -0,1550827 0,2869656
