0,1583017 -0,1252985 0,1617705
0,160928 -0,1223397 0,1641263
0,1629499 -0,1179492 0,1663331
0,1651833 -0,1121932 0,1687644
0,1673609 -0,1032121 0,1711165
0,1691339 -0,09364817 0,1732459
0,1691339 -0,09364817 0,1732459
0,1688468 -0,08136043 0,1761936
0,1679247 -0,07000555 0,1783918
0,1651709 -0,05955176 0,181492
0,1608686 -0,04970369 0,185309
0,154285 -0,03988728 0,1871373
0,154285 -0,03988728 0,1871373
0,1463598 -0,03186348 0,1894336
0,1390799 -0,0224117 0,1896115
0,1299095 -0,01705025 0,190617
0,1197856 -0,01322067 0,1923718
0,1093077 -0,009725153 0,1947335
0,1093077 -0,009725153 0,1947335
0,09897044 -0,009943366 0,1958379
0,08749058 -0,01244867 0,1965692
0,07595584 -0,01491614 0,1962864
0,06308307 -0,02394907 0,1966719
0,05030817 -0,0324616 0,1973536
0,05030817 -0,0324616 0,1973536
0,03736406 -0,04518686 0,1975481
0,02438061 -0,05765605 0,1969731
0,01172023 -0,06803536 0,1933463
-0,001449761 -0,08300531 0,1903435
-0,01487519 -0,09758648 0,1869052
-0,01487519 -0,09758648 0,1869052
-0,02848027 -0,1103648 0,182326
-0,0431185 -0,1255244 0,1784009
-0,05438919 -0,1391975 0,1731399
-0,06491845 -0,1512312 0,1679259
-0,06491845 -0,1512312 0,1679259
-0,08152341 -0,1552152 0,1639016
-0,09699522 -0,1593388 0,1575132
-0,1046425 -0,1578133 0,1468181
-0,1102006 -0,150333 0,1322643
-0,1230029 -0,1417937 0,1306803
-0,1230029 -0,1417937 0,1306803
-0,1285326 -0,1317905 0,1321331
-0,1344775 -0,1214186 0,1325992
-0,1439892 -0,1031191 0,1297673
-0,1461073 -0,08198021 0,1311172
-0,144695 -0,06360057 0,1311652
-0,144695 -0,06360057 0,1311652
-0,1342475 -0,05473939 0,1386876
-0,1256406 -0,04327178 0,1430581
-0,114961 -0,03493665 0,1486842
-0,1043686 -0,0258483 0,1517046
-0,09282223 -0,02065557 0,1570494
-0,09282223 -0,02065557 0,1570494
-0,08160645 -0,01782835 0,1614062
-0,06906471 -0,01595603 0,1648515
-0,05735276 -0,01836866 0,1701849
-0,04390999 -0,02355485 0,1745753
-0,03196494 -0,03010586 0,1793142
-0,03196494 -0,03010586 0,1793142
-0,01941874 -0,04193604 0,180363
-0,006053938 -0,0549081 0,1821394
0,006198151 -0,06818393 0,1846821
0,01954912 -0,08503473 0,1858169
0,0317595 -0,09787652 0,1859115
0,0317595 -0,09787652 0,1859115
0,04243772 -0,1124399 0,189463
0,05503428 -0,1252978 0,1924795
0,06917614 -0,1361304 0,1907559
0,08336611 -0,1477114 0,1844387
0,09622105 -0,1567907 0,1793092
0,09622105 -0,1567907 0,1793092
0,108377 -0,1542059 0,1783865
0,1200183 -0,1532602 0,1777343
0,1283796 -0,1485592 0,1779654
0,1389305 -0,1423772 0,1779849
0,1389305 -0,1423772 0,1779849
0,1477316 -0,1307249 0,1777486
0,1553096 -0,1208128 0,17755
0,1616991 -0,110974 0,1771467
0,1659687 -0,1018942 0,1772299
0,1678974 -0,09419982 0,176909
0,1678974 -0,09419982 0,176909
0,1691411 -0,08803092 0,1765835
0,1704576 -0,08174634 0,1759989
0,1715359 -0,07662544 0,1749646
0,1716822 -0,07280377 0,1745946
0,1720263 -0,06946582 0,1729669
0,1720263 -0,06946582 0,1729669
0,1714401 -0,06824996 0,1720007
0,1710952 -0,06699795 0,1708504
0,1701274 -0,0666814 0,1705257
0,1692491 -0,06739578 0,1701008
0,1684629 -0,06761107 0,1696474
0,1684629 -0,06761107 0,1696474
0,1679907 -0,06816842 0,1688213
0,1673134 -0,06902385 0,1680789
0,1663633 -0,0703239 0,1674342
0,1656824 -0,07130472 0,1668138
0,1656824 -0,07130472 0,1668138
0,1650055 -0,07217622 0,1667681
0,1644037 -0,07292655 0,1667235
0,1638439 -0,07358964 0,1666412
0,1635364 -0,07397096 0,1663893
0,1632971 -0,07428117 0,1661349
0,1632971 -0,07428117 0,1661349
0,1630812 -0,07461777 0,1662883
0,1630912 -0,07465455 0,1661892
0,1628881 -0,07484996 0,1663879
0,1627267 -0,07508536 0,1665524
0,1628739 -0,07479793 0,1662416
0,1628739 -0,07479793 0,1662416
0,16281 -0,07493661 0,1661502
0,1628542 -0,07502568 0,1660618
0,1629792 -0,07515985 0,1659352
0,1630997 -0,07527418 0,1658124
0,1633386 -0,0755291 0,1655309
0,1633386 -0,0755291 0,1655309
0,1636004 -0,07595257 0,1649238
0,1638348 -0,07643034 0,1645021
0,1640005 -0,07711467 0,1639706
0,1638839 -0,07818121 0,163689
0,1632816 -0,07961056 0,1638526
0,1632816 -0,07961056 0,1638526
0,1630151 -0,08092228 0,1633951
0,1628379 -0,08196492 0,1630537
0,1625066 -0,08298503 0,162941
0,1620701 -0,08397512 0,16274
0,1616185 -0,08500893 0,1627906
0,1616185 -0,08500893 0,1627906
