0,01781712 -0,1735111 0,2245042
0,01781712 -0,1735111 0,2245042
0,01762968 -0,1735254 0,2243881
0,01748665 -0,1736024 0,2243224
0,01749972 -0,1737858 0,2242707
0,01749602 -0,1740485 0,2243758
0,01762962 -0,1744089 0,2244418
0,01762962 -0,1744089 0,2244418
0,01764056 -0,1755793 0,2251574
0,01751648 -0,1767294 0,2258267
0,01705476 -0,1780622 0,2266027
0,01572571 -0,1793373 0,2282217
0,01401095 -0,1795896 0,2307198
0,01401095 -0,1795896 0,2307198
0,01208154 -0,1764383 0,2352066
0,01055463 -0,1691557 0,2391787
0,009197917 -0,1523606 0,2435324
0,008144645 -0,1308382 0,2490253
0,007768926 -0,09718814 0,2586786
0,007768926 -0,09718814 0,2586786
0,009735476 -0,05866325 0,2636737
0,0128133 -0,01813829 0,2625098
0,01638239 0,0211065 0,2582688
0,01983139 0,0598067 0,2522538
0,01983139 0,0598067 0,2522538
0,02340033 0,0880608 0,2424952
0,02527667 0,1156385 0,2352486
0,02489905 0,1368989 0,2293978
0,02744986 0,1592423 0,2196463
0,0280261 0,1784321 0,2112112
0,0280261 0,1784321 0,2112112
0,02737753 0,1849319 0,2087443
0,027368 0,1959665 0,2046425
0,02670864 0,2037804 0,2026655
0,0256032 0,2041668 0,2020877
0,02480043 0,205404 0,2015781
0,02480043 0,205404 0,2015781
0,02474403 0,2059162 0,2020444
0,02397726 0,2045766 0,2025676
0,023464 0,2021539 0,2032834
0,02285329 0,2011234 0,2041644
0,02184246 0,1992598 0,2055339
0,02184246 0,1992598 0,2055339
0,02152609 0,2013095 0,2068226
0,02113523 0,203235 0,2081017
0,02029988 0,2026155 0,2093592
0,0206246 0,2005212 0,2106328
0,02032131 0,1985746 0,2119989
0,02032131 0,1985746 0,2119989
0,02019885 0,1962911 0,2131983
0,02036216 0,1962926 0,2136963
0,02114274 0,1983415 0,2134648
0,02122794 0,1990255 0,2138767
0,02104346 0,1982928 0,2141317
0,02104346 0,1982928 0,2141317
0,02107352 0,1979481 0,2140994
0,02118741 0,1981038 0,2140833
0,02131073 0,1981702 0,2141068
0,02140873 0,198542 0,2139752
0,02140873 0,198542 0,2139752
0,02116684 0,1974714 0,2157378
0,02107355 0,197198 0,2165381
0,02093666 0,1970364 0,2173353
0,02094491 0,1974169 0,2178068
0,02081108 0,1963402 0,2181894
0,02081108 0,1963402 0,2181894
0,02075988 0,1951361 0,2190536
0,02079815 0,1935079 0,219714
0,02063658 0,1925846 0,2201417
0,02071516 0,1929546 0,2206096
0,02115151 0,1924888 0,2208451
0,02115151 0,1924888 0,2208451
0,02114864 0,1920595 0,2210946
0,02132851 0,1913729 0,2217317
0,02138622 0,1914017 0,2220846
0,02144005 0,191251 0,222344
0,02173827 0,1913381 0,2226439
0,02173827 0,1913381 0,2226439
0,02184213 0,1905414 0,2228842
0,02199391 0,1915155 0,2228083
0,0217497 0,1926834 0,222584
0,02173505 0,1936192 0,2231693
0,02205838 0,1940069 0,2236538
0,02205838 0,1940069 0,2236538
0,02195967 0,1919269 0,2242693
0,02210407 0,1903761 0,2246433
