0,02518712 -0,1552847 0,2386492
0,02446181 -0,1556169 0,238446
0,02446181 -0,1556169 0,238446
0,02389494 -0,1563587 0,2386586
0,02359866 -0,1573255 0,238841
0,02340055 -0,1584516 0,2388322
0,0237801 -0,1605784 0,2393549
0,02451992 -0,1630965 0,2404662
0,02451992 -0,1630965 0,2404662
0,02773031 -0,1667029 0,2430093
0,0329527 -0,1712808 0,2469185
0,03991493 -0,1741856 0,249918
0,05127523 -0,1738431 0,2544568
0,05127523 -0,1738431 0,2544568
0,06431472 -0,1694255 0,2602175
0,07845213 -0,1622263 0,2663
0,09489299 -0,1469359 0,2714745
0,1099904 -0,1297274 0,2749467
0,1212955 -0,1040805 0,2757137
0,1212955 -0,1040805 0,2757137
0,1256241 -0,07795924 0,2701837
0,1292221 -0,05074257 0,2653724
0,1250213 -0,02399313 0,252678
0,1166337 -0,0005487055 0,2423508
0,0994776 0,01581101 0,2282154
0,0994776 0,01581101 0,2282154
0,07978915 0,02971961 0,2146167
0,05853412 0,04024202 0,199399
0,03533157 0,04349072 0,1835749
0,01147083 0,04357442 0,1685428
-0,01067262 0,03538583 0,1504019
-0,01067262 0,03538583 0,1504019
-0,02943303 0,02317329 0,1378149
-0,04852012 0,009628043 0,1282833
-0,05813473 -0,01219897 0,1242555
-0,06444218 -0,03042722 0,1202301
-0,0579978 -0,04877532 0,1340113
-0,0579978 -0,04877532 0,1340113
-0,03995237 -0,06465444 0,1664817
-0,02078164 -0,08258188 0,202448
0,01325149 -0,09681717 0,2461786
0,04370676 -0,1092415 0,28666
0,04370676 -0,1092415 0,28666
0,07768322 -0,1260006 0,3054092
0,09698291 -0,1260096 0,313901
0,1063801 -0,1235582 0,3097706
0,1115077 -0,1195199 0,3052388
0,1093138 -0,1165898 0,3015333
0,1093138 -0,1165898 0,3015333
0,09880886 -0,1253895 0,2996228
0,09567428 -0,1281613 0,2984542
0,09544037 -0,1289292 0,2996012
0,09637465 -0,1297512 0,3005421
0,09882902 -0,1299059 0,3014515
0,09882902 -0,1299059 0,3014515
0,1001858 -0,1304362 0,3027465
0,1014783 -0,1312433 0,3040953
0,1029394 -0,1313772 0,304083
0,1033995 -0,1325156 0,303812
0,1030077 -0,1338004 0,3038102
0,1030077 -0,1338004 0,3038102
0,1028293 -0,1341507 0,3035321
0,1027655 -0,1348051 0,3033032
0,1033459 -0,1345773 0,3029745
0,1039812 -0,1344354 0,3026273
0,1042255 -0,1349797 0,3026339
0,1042255 -0,1349797 0,3026339
0,1050299 -0,1346538 0,3025263
0,1055107 -0,1346913 0,302512
0,1059785 -0,134585 0,3025446
0,1063066 -0,1346949 0,3026087
0,1064481 -0,1348188 0,3024772
0,1064481 -0,1348188 0,3024772
0,1064491 -0,1351833 0,3021846
0,1064435 -0,1355996 0,3020148
0,1064539 -0,1360679 0,3017969
0,1063396 -0,1366344 0,3016773
0,1063396 -0,1366344 0,3016773
0,1063968 -0,1370696 0,3014435
0,1065721 -0,1372847 0,3013456
0,1068714 -0,1372511 0,3012906
0,1068614 -0,1373872 0,3011757
0,1069811 -0,1373741 0,3011187
0,1069811 -0,1373741 0,3011187
0,1067078 -0,1377345 0,3009094
0,1067191 -0,1377417 0,3006454
0,1065049 -0,1378391 0,3004548
0,106115 -0,1379097 0,3002164
0,1057321 -0,1380387 0,3002216
0,1057321 -0,1380387 0,3002216
0,1051615 -0,138193 0,3001665
0,1047611 -0,1382847 0,3002911
0,1043071 -0,1384023 0,3002405
0,1040276 -0,1388237 0,300313
0,1039515 -0,1387931 0,3002187
0,1039515 -0,1387931 0,3002187
0,1039217 -0,1389017 0,3003516
0,1039028 -0,1390263 0,3003465
0,1037969 -0,1392681 0,3003141
0,1037169 -0,1395477 0,3003103
0,1036881 -0,1398176 0,3001935
0,1036881 -0,1398176 0,3001935
0,1038713 -0,1402042 0,3000871
0,1041051 -0,140479 0,3000509
0,1045166 -0,1402837 0,2999108
0,1048239 -0,1401031 0,2997581
0,1049512 -0,1399391 0,2995934
