0,02897541 -0,1860717 0,2090127
0,03017078 -0,1809386 0,2060309
0,03150371 -0,1760824 0,200835
0,03150371 -0,1760824 0,200835
0,03305163 -0,1629225 0,1906631
0,03435116 -0,1501827 0,1809033
0,03532692 -0,1403314 0,1739943
0,03636057 -0,1330948 0,169141
0,03636057 -0,1330948 0,169141
0,03726061 -0,1277446 0,165289
0,03804876 -0,1236153 0,1615756
0,0384742 -0,1206323 0,1597852
0,03883971 -0,1206377 0,1595473
0,03884542 -0,121025 0,1597389
0,03884542 -0,121025 0,1597389
0,03845131 -0,1248774 0,1609847
0,03666721 -0,1322029 0,1659428
0,03454797 -0,1407003 0,1725509
0,03086997 -0,1526386 0,1839221
0,02752721 -0,1646328 0,194446
0,02752721 -0,1646328 0,194446
0,02258647 -0,1751511 0,2084304
0,01867316 -0,1807785 0,222296
0,01292282 -0,1776102 0,2366434
0,008668659 -0,1676397 0,2472399
0,003203339 -0,1439298 0,2560367
0,003203339 -0,1439298 0,2560367
-0,001678136 -0,1067223 0,2614692
-0,005740167 -0,06834355 0,2636811
-0,006249595 -0,02832758 0,2617723
-0,005528322 0,008929014 0,2579217
-0,002958597 0,04718226 0,2494986
-0,002958597 0,04718226 0,2494986
-0,001025155 0,07855724 0,242393
0,0009457762 0,1088711 0,2351304
0,003644704 0,1390621 0,2264455
0,005775156 0,1634938 0,2205536
0,005806061 0,1867969 0,2153547
0,005806061 0,1867969 0,2153547
0,006970863 0,1942588 0,2121474
0,008074302 0,2030083 0,2088065
0,009039387 0,2130938 0,2063601
0,01044946 0,2141778 0,2043753
0,01046824 0,2131891 0,2042467
0,01046824 0,2131891 0,2042467
0,01050514 0,2073719 0,2047097
0,01054101 0,2083425 0,2045253
0,01025886 0,2088343 0,2043418
0,0100085 0,2110203 0,2043277
0,0100085 0,2110203 0,2043277
0,009816472 0,2116667 0,2051498
0,008931999 0,2090762 0,206091
0,008086459 0,2080612 0,2075982
0,00774787 0,2077104 0,2075207
0,007260771 0,2035116 0,2089432
0,007260771 0,2035116 0,2089432
0,007083866 0,2002104 0,2099439
0,007110895 0,197511 0,2106503
0,006399318 0,1962721 0,211608
0,006513909 0,1972131 0,2116902
0,005197237 0,1996759 0,2114273
0,005197237 0,1996759 0,2114273
0,004867783 0,2032603 0,2111664
0,004462639 0,2033665 0,211294
0,004158214 0,2033815 0,2115849
0,004096942 0,2010479 0,2119447
0,003683302 0,200032 0,2123931
0,003683302 0,200032 0,2123931
0,003226011 0,2006483 0,2122577
0,002836155 0,1998061 0,2122914
0,00265361 0,1979246 0,2123581
0,002402598 0,1980641 0,212448
0,002402598 0,1980641 0,212448
0,002223618 0,2008911 0,2119776
0,002269722 0,2017049 0,2118679
0,002198954 0,2021333 0,2117006
0,00218065 0,2027083 0,2117389
0,002487611 0,2015896 0,2120524
0,002269936 0,2001509 0,2122863
0,002269936 0,2001509 0,2122863
0,002250718 0,1992218 0,2125376
0,002376401 0,1980168 0,2128498
0,002852782 0,198195 0,2127647
0,003172514 0,1979719 0,2133203
0,003172514 0,1979719 0,2133203
0,0030263 0,1952816 0,2140686
0,003189609 0,1935183 0,2144204
0,00331358 0,1921429 0,2148667
0,003835391 0,1906374 0,2149446
