0,05675624 -0,1308774 0,260766
0,05687518 -0,1317222 0,2607112
0,05711281 -0,1328784 0,2607781
0,05738421 -0,1343565 0,2608073
0,05801737 -0,1356864 0,260571
0,05801737 -0,1356864 0,260571
0,05901833 -0,1368779 0,2609907
0,06019034 -0,1383236 0,2613114
0,06256156 -0,1384978 0,2614895
0,06535609 -0,1382422 0,2619938
0,06535609 -0,1382422 0,2619938
0,07093991 -0,1337508 0,2627825
0,07760662 -0,1273438 0,2639091
0,08553774 -0,1179876 0,265682
0,09523691 -0,1033954 0,2688688
0,1054414 -0,08701095 0,2732338
0,1054414 -0,08701095 0,2732338
0,1153237 -0,06516525 0,2775687
0,121886 -0,04334235 0,2789252
0,1293243 -0,01664811 0,2788057
0,1335176 0,01016611 0,276228
0,1275194 0,03066851 0,2722923
0,1275194 0,03066851 0,2722923
0,1170482 0,04899864 0,26049
0,1045141 0,0641863 0,2508488
0,08958277 0,07736599 0,2419577
0,0673795 0,0878111 0,2290806
0,04594312 0,08410364 0,2182379
0,04594312 0,08410364 0,2182379
0,02422974 0,0768885 0,2054873
0,001620976 0,07296527 0,1925226
-0,02044043 0,05850152 0,1820957
-0,03930943 0,04095571 0,1707456
-0,05015202 0,02145162 0,158953
-0,05015202 0,02145162 0,158953
-0,0517512 0,00322099 0,1531727
-0,05117811 -0,01689386 0,1532886
-0,04068281 -0,0318369 0,1658113
-0,02765626 -0,04714735 0,1850173
-0,02765626 -0,04714735 0,1850173
0,0008422802 -0,06678003 0,2236148
0,0295392 -0,0816541 0,2535362
0,05604325 -0,09381419 0,2754703
0,07310148 -0,09804365 0,279729
0,08443581 -0,09982622 0,2826317
0,08443581 -0,09982622 0,2826317
0,08193566 -0,09659481 0,2775555
0,07899849 -0,09660852 0,2737927
0,07611349 -0,09456238 0,2707767
0,07275274 -0,09558401 0,2688548
0,0710693 -0,09643257 0,2689904
0,0710693 -0,09643257 0,2689904
0,07071782 -0,09822556 0,2698517
0,07069606 -0,09828904 0,27037
0,07121625 -0,09907323 0,272276
0,07157091 -0,0998241 0,273596
0,07143567 -0,1016165 0,2740819
0,07143567 -0,1016165 0,2740819
0,07183111 -0,101588 0,2737972
0,07240627 -0,1012355 0,2736109
0,07273939 -0,1014643 0,2735015
0,07342795 -0,1012292 0,2735246
0,07390507 -0,101527 0,27363
0,07390507 -0,101527 0,27363
0,07458103 -0,1018071 0,2737172
0,07523298 -0,1019444 0,2738165
0,07606907 -0,1018509 0,2738751
0,0769214 -0,1019476 0,273763
0,07761802 -0,1019275 0,2736978
0,07761802 -0,1019275 0,2736978
0,07825064 -0,1019964 0,2736882
0,07853813 -0,1026871 0,2737644
0,07888986 -0,1031176 0,27376
0,07929403 -0,1032017 0,273747
0,07929403 -0,1032017 0,273747
0,07981135 -0,1029362 0,2735209
0,08033727 -0,1026504 0,2732421
0,08078074 -0,1024592 0,2730691
0,08104955 -0,1024651 0,2731118
0,0812019 -0,1028904 0,2731882
0,0812019 -0,1028904 0,2731882
0,08139747 -0,1033658 0,2732987
