0,03670104 -0,1822015 0,2043877
0,03697986 -0,1815783 0,2038741
0,03752894 -0,1797268 0,2025441
0,03828669 -0,1768464 0,2008508
0,03887296 -0,1727596 0,1988521
0,03936361 -0,1688185 0,1963675
0,03936361 -0,1688185 0,1963675
0,03988299 -0,1610394 0,1912267
0,04003197 -0,1554339 0,1868237
0,03984204 -0,150858 0,1826706
0,03911409 -0,1477097 0,1793633
0,03884405 -0,1450322 0,1758822
0,03884405 -0,1450322 0,1758822
0,03825951 -0,1443447 0,1736456
0,03770724 -0,1443217 0,1717053
0,03640367 -0,1471444 0,1710688
0,03503374 -0,150787 0,171536
0,03503374 -0,150787 0,171536
0,03199324 -0,1605781 0,1749756
0,02784884 -0,1712257 0,1801312
0,0237997 -0,1834808 0,1852916
0,01815191 -0,1944001 0,195525
0,01352534 -0,2046232 0,2071404
0,01352534 -0,2046232 0,2071404
0,01000958 -0,2070137 0,2198209
0,005662282 -0,2062783 0,2340381
0,0009250657 -0,1904891 0,2384213
-0,003157988 -0,1695593 0,2492423
-0,004859476 -0,1324071 0,2565531
-0,004859476 -0,1324071 0,2565531
-0,005229207 -0,08871755 0,2595377
-0,003599721 -0,04840991 0,2593028
-0,001638714 -0,008131534 0,2574694
0,0006912146 0,02767253 0,2533059
0,002660508 0,06219307 0,2492169
0,002660508 0,06219307 0,2492169
0,004431976 0,08988327 0,2439557
0,006468229 0,1188736 0,237435
0,009013329 0,1453541 0,2310078
0,01024244 0,1696385 0,2248836
0,01132976 0,1855754 0,2204241
0,01132976 0,1855754 0,2204241
0,01279252 0,1910103 0,2178864
0,01463843 0,1973075 0,2143369
0,01421741 0,2005467 0,2128327
0,01386917 0,2042343 0,2116732
0,01351337 0,2067152 0,2112211
0,01351337 0,2067152 0,2112211
0,01293129 0,2078304 0,2113424
0,01229258 0,2090324 0,211758
0,01145944 0,2099311 0,2118553
0,01192134 0,2091294 0,2121746
0,01192134 0,2091294 0,2121746
0,01061685 0,2073847 0,2139999
0,009943904 0,2048601 0,2153228
0,00988631 0,2026242 0,2164675
0,009985516 0,1999707 0,2170836
0,009728755 0,200604 0,2181884
0,009728755 0,200604 0,2181884
0,009190634 0,2013392 0,2191073
0,009134574 0,2006428 0,2197207
0,008679911 0,200095 0,2201862
0,008766789 0,1988313 0,2204818
0,008587117 0,197302 0,2216458
0,008587117 0,197302 0,2216458
0,007782489 0,1979693 0,2216365
0,007444036 0,1976155 0,2219864
0,007355029 0,1969646 0,2224672
0,006715243 0,1964732 0,2230041
0,006672266 0,1934859 0,2238407
0,006672266 0,1934859 0,2238407
0,007145334 0,195321 0,2232594
0,00729358 0,1946153 0,2237416
0,007483373 0,1935333 0,2240694
0,007828766 0,1916312 0,2251978
0,008097682 0,190117 0,224943
0,008097682 0,190117 0,224943
0,008291801 0,1893863 0,2254762
0,008358844 0,1875739 0,2259621
0,008943928 0,1853498 0,2259851
0,009029006 0,184937 0,2263324
0,00933734 0,18571 0,2266819
0,00933734 0,18571 0,2266819
0,009701726 0,1843755 0,2270071
0,009927748 0,1831455 0,227668
0,01008365 0,1827169 0,2283236
0,01051616 0,1816818 0,2289043
0,01051616 0,1816818 0,2289043
0,01100438 0,1828516 0,2293624
0,01129268 0,183188 0,2300904
0,01131719 0,1839354 0,2306065
0,01156377 0,1843493 0,2312794
0,01177808 0,1844414 0,2319562
0,01177808 0,1844414 0,2319562
0,01249737 0,1832883 0,2321596
0,01291662 0,1830321 0,2325909
0,01306479 0,1826843 0,2327407
0,01341616 0,1813838 0,2331538
0,01382335 0,1805629 0,2331348
0,01382335 0,1805629 0,2331348
