0,1206788 -0,1248198 0,177689
0,1209762 -0,1240678 0,1788003
0,1211403 -0,1228584 0,1796296
0,1211222 -0,1210086 0,1806856
0,1212339 -0,1166046 0,1822875
0,1208399 -0,1114927 0,1842519
0,1208399 -0,1114927 0,1842519
0,1198181 -0,1020108 0,1867012
0,1179269 -0,09287444 0,1899355
0,1149536 -0,08264387 0,1932335
0,1111755 -0,07384519 0,1953579
0,1062279 -0,0652751 0,1969599
0,1062279 -0,0652751 0,1969599
0,09921339 -0,05666479 0,199896
0,09162807 -0,0500952 0,2027988
0,08294973 -0,04706883 0,2051636
0,07396297 -0,04404746 0,2074471
0,06367681 -0,04198734 0,2095907
0,06367681 -0,04198734 0,2095907
0,0516275 -0,0472811 0,2090955
0,03878925 -0,05382842 0,2096321
0,02622202 -0,06067577 0,2100029
0,01224566 -0,07087514 0,2087574
-0,001660978 -0,08049899 0,2069041
-0,001660978 -0,08049899 0,2069041
-0,01626889 -0,095026 0,2018184
-0,03247504 -0,1078378 0,1956069
-0,04718796 -0,1211159 0,1891435
-0,06227484 -0,1371751 0,1854988
-0,07611538 -0,1478277 0,1819826
-0,07611538 -0,1478277 0,1819826
-0,0916044 -0,1514929 0,1751952
-0,1069753 -0,1562852 0,1657131
-0,1185656 -0,1520292 0,1510727
-0,1283001 -0,1441775 0,1375051
-0,1283001 -0,1441775 0,1375051
-0,1408646 -0,1341559 0,1371152
-0,1530282 -0,1209783 0,1353697
-0,1617606 -0,1046044 0,1348708
-0,1680087 -0,08428155 0,1311207
-0,1632809 -0,06640399 0,1325277
-0,1632809 -0,06640399 0,1325277
-0,1587911 -0,05164178 0,1370113
-0,1527912 -0,03565404 0,1417375
-0,1428824 -0,0222403 0,1467443
-0,1320547 -0,01055007 0,151443
-0,1221455 0,001211673 0,1589373
-0,1221455 0,001211673 0,1589373
-0,1068195 -2,962351E-05 0,1664012
-0,09216014 -0,0006933659 0,1726857
-0,07892516 -0,001727223 0,1781155
-0,06680239 -0,00609152 0,1839221
-0,05471698 -0,01366833 0,1909518
-0,05471698 -0,01366833 0,1909518
-0,04227841 -0,02790593 0,195021
-0,02924218 -0,04049358 0,2001251
-0,0149845 -0,06309202 0,2003683
-0,000970853 -0,08741614 0,2046187
0,01475176 -0,1083486 0,2032928
0,01475176 -0,1083486 0,2032928
0,02873405 -0,1221204 0,2045287
0,04291323 -0,1380192 0,207181
0,05818597 -0,1514176 0,2093238
0,0753868 -0,1616281 0,2043816
0,09059965 -0,1683814 0,1984858
0,09059965 -0,1683814 0,1984858
0,1027627 -0,1671987 0,1975673
0,115562 -0,1636529 0,1973597
0,1275197 -0,1582918 0,1962483
0,1375491 -0,1487243 0,1949748
0,1375491 -0,1487243 0,1949748
0,1464405 -0,1388584 0,1928989
0,1529133 -0,1303095 0,1906174
0,1581121 -0,1220194 0,1888795
0,160781 -0,1159448 0,18789
0,1627847 -0,1104173 0,1871538
0,1627847 -0,1104173 0,1871538
0,1642236 -0,1068326 0,1857304
0,1655541 -0,1033346 0,1847247
0,1666309 -0,1004132 0,1840372
0,1675859 -0,09789142 0,1835403
0,1677838 -0,0968466 0,1826114
0,1677838 -0,0968466 0,1826114
0,1672273 -0,09698266 0,1818476
0,1666858 -0,09687722 0,18106
0,1659422 -0,09735972 0,1802901
0,1651242 -0,09808508 0,179639
0,1644807 -0,09855397 0,1788707
0,1644807 -0,09855397 0,1788707
0,1635894 -0,09924574 0,1778713
0,1626961 -0,1000143 0,1768676
0,1619148 -0,1008412 0,1754832
0,1611453 -0,1020437 0,1744261
0,1604098 -0,1034224 0,1733525
0,1604098 -0,1034224 0,1733525
0,1595106 -0,1051181 0,1726435
0,1582875 -0,1071512 0,1716598
0,1566293 -0,1097452 0,1712155
0,1553086 -0,112132 0,1704406
0,1553086 -0,112132 0,1704406
0,1536625 -0,1148006 0,1701262
0,152594 -0,11676 0,1697071
0,1517704 -0,118415 0,1692134
0,1514308 -0,1194425 0,1685218
0,1510463 -0,1205914 0,1679598
0,1510463 -0,1205914 0,1679598
0,151182 -0,121255 0,1674768
0,1511958 -0,1221583 0,1670794
0,1511327 -0,1229158 0,1670378
0,1509872 -0,123811 0,1671348
0,1512065 -0,1242857 0,1668337
0,1512065 -0,1242857 0,1668337
0,1515702 -0,1246298 0,1663802
0,1519476 -0,1248864 0,165893
0,1522426 -0,1250883 0,1654519
0,1524685 -0,1252996 0,1652196
0,1526194 -0,1256211 0,1650635
0,1526194 -0,1256211 0,1650635
0,1529236 -0,125987 0,1648698
0,1533387 -0,1262482 0,1646938
0,1535999 -0,1265443 0,1645804
0,1537524 -0,126891 0,1644669
0,1539938 -0,1272491 0,1642958
0,1539938 -0,1272491 0,1642958
0,1542134 -0,1276023 0,1638826
0,1544086 -0,127978 0,1636491
0,1545438 -0,1283074 0,1636401
0,1547105 -0,1285204 0,1635732
0,1547105 -0,1285204 0,1635732
