0,04516613 -0,1652349 0,1844963
0,04516613 -0,1652349 0,1844963
0,04542701 -0,1648104 0,1842814
0,04581393 -0,164077 0,1839712
0,04641211 -0,1626372 0,1835324
0,04709864 -0,1611108 0,1831768
0,04801342 -0,1580955 0,1820637
0,04801342 -0,1580955 0,1820637
0,04929869 -0,1531421 0,1789289
0,05054112 -0,1480828 0,1753319
0,05177348 -0,142127 0,1703299
0,05270948 -0,1355734 0,1651477
0,05356415 -0,1301646 0,1605155
0,05356415 -0,1301646 0,1605155
0,05436621 -0,1246234 0,1550316
0,05516378 -0,1201623 0,1502822
0,05565164 -0,1167607 0,147139
0,05635362 -0,1145903 0,1447012
0,05667101 -0,1136171 0,143381
0,05667101 -0,1136171 0,143381
0,05578745 -0,1161333 0,1449388
0,0545256 -0,1192948 0,1466968
0,05279516 -0,1244291 0,1495189
0,04899026 -0,132589 0,1548044
0,04899026 -0,132589 0,1548044
0,04314663 -0,1450652 0,1635009
0,0365987 -0,1563057 0,1737247
0,02978676 -0,1670588 0,1844179
0,02195055 -0,1744512 0,2013718
0,0131726 -0,1788707 0,2182125
0,0131726 -0,1788707 0,2182125
0,004284372 -0,1654388 0,233921
-0,001876326 -0,1416216 0,2462383
-0,007556623 -0,1132378 0,2585619
-0,01148424 -0,07157418 0,2685445
-0,01249311 -0,02660289 0,2690878
-0,01249311 -0,02660289 0,2690878
-0,01127746 0,01081443 0,2632281
-0,009143461 0,04974228 0,2560078
-0,008178098 0,08473817 0,249768
-0,006813869 0,1164333 0,243576
-0,00532415 0,1493503 0,2345979
-0,00532415 0,1493503 0,2345979
-0,003580034 0,1630361 0,2277134
-0,001746197 0,1802579 0,221343
-0,000145227 0,1920711 0,2154747
-0,0001265585 0,2010541 0,2117672
0,0008315547 0,2065814 0,2091376
0,0008315547 0,2065814 0,2091376
0,0008336584 0,2144443 0,2065882
0,001228086 0,2213566 0,2037745
0,001391419 0,2231107 0,2024859
0,001433988 0,2164886 0,202566
0,001604819 0,2125451 0,2026022
0,001604819 0,2125451 0,2026022
0,001795385 0,2155649 0,2016465
0,001692501 0,2165134 0,2011271
0,001547319 0,2155416 0,2012079
0,001633129 0,2137164 0,2007633
0,001633129 0,2137164 0,2007633
0,0008900377 0,2143908 0,2012608
0,0006443254 0,2144327 0,2017936
-3,502054E-05 0,2164656 0,2019928
-0,0003555828 0,2162267 0,2021248
-0,0006968961 0,2163975 0,203126
-0,0006968961 0,2163975 0,203126
-0,0009791858 0,2142153 0,2035902
-0,001256569 0,213331 0,2037333
-0,001249013 0,2121789 0,2039096
-0,001078472 0,2119971 0,2035613
-0,001523766 0,2133907 0,2034855
-0,001523766 0,2133907 0,2034855
-0,001570229 0,2127391 0,2034616
-0,001652483 0,2113357 0,203286
-0,001592563 0,2100169 0,2034292
-0,001378233 0,2087857 0,2037974
-0,001467371 0,207804 0,2039141
-0,001467371 0,207804 0,2039141
-0,001271643 0,2085062 0,2039347
-0,001014498 0,2075934 0,2043354
-0,001112288 0,2062672 0,2050675
-0,0008862477 0,2035133 0,2059026
-0,001007061 0,2005824 0,2070893
-0,001007061 0,2005824 0,2070893
-0,0004223243 0,1993282 0,2075092
-5,606216E-05 0,1973869 0,2083165
3,472438E-05 0,1967238 0,2086338
0,0005250563 0,1964713 0,2086744
0,0007606895 0,1941127 0,2095359
0,0007606895 0,1941127 0,2095359
0,001570194 0,1936689 0,2091434
0,001948735 0,1925566 0,2093239
0,002773575 0,1920477 0,209308
0,003524214 0,1916003 0,2092211
0,004149133 0,1871308 0,2110577
0,004149133 0,1871308 0,2110577
0,005384733 0,1853324 0,2113179
0,0064111 0,1830141 0,2119029
0,007672799 0,1812059 0,2125006
0,008695773 0,1797343 0,2132134
0,008695773 0,1797343 0,2132134
0,009932065 0,178673 0,2137079
0,01114006 0,1774484 0,2143446
0,01208761 0,1761275 0,2151366
0,01283944 0,1748207 0,2159992
0,01359897 0,1744485 0,2172176
