0,1216037 -0,1241229 0,2531863
0,1213956 -0,118986 0,2541236
0,1208228 -0,1129009 0,2550899
0,120164 -0,1051659 0,2560717
0,1182564 -0,0947853 0,2574057
0,1165148 -0,08426845 0,2588723
0,1165148 -0,08426845 0,2588723
0,111646 -0,07786793 0,2585241
0,1064031 -0,07052115 0,2597934
0,1007908 -0,06350744 0,260935
0,09497882 -0,05796 0,2623663
0,09497882 -0,05796 0,2623663
0,08774453 -0,0545896 0,2636426
0,07995222 -0,05241421 0,2650057
0,07163414 -0,05340537 0,2661447
0,0628866 -0,05568996 0,2671098
0,05416704 -0,06123295 0,2676251
0,05416704 -0,06123295 0,2676251
0,04434155 -0,06985602 0,2687165
0,03395762 -0,07965839 0,269639
0,0230396 -0,09269977 0,2697824
0,01161189 -0,1054147 0,2701646
-0,0003432572 -0,1187359 0,2695167
-0,0003432572 -0,1187359 0,2695167
-0,01167203 -0,131447 0,2625328
-0,02382074 -0,1469206 0,2596053
-0,03797909 -0,1563889 0,2555701
-0,04924706 -0,1694054 0,2526896
-0,06064371 -0,180036 0,2502788
-0,06064371 -0,180036 0,2502788
-0,07184616 -0,1777351 0,2445256
-0,08445323 -0,1760579 0,2386821
-0,09396678 -0,1711886 0,2303384
-0,1026927 -0,1603291 0,2298211
-0,1114354 -0,1500102 0,2291849
-0,1114354 -0,1500102 0,2291849
-0,1149379 -0,1385269 0,2300686
-0,1153972 -0,1185465 0,2315143
-0,1155512 -0,1036796 0,2297196
-0,1132237 -0,09168635 0,2326654
-0,1132237 -0,09168635 0,2326654
-0,1056627 -0,08076322 0,2371241
-0,09844199 -0,06881572 0,2407333
-0,09000391 -0,05998801 0,2453143
-0,07991958 -0,05378501 0,2495888
-0,07006308 -0,04637665 0,2536758
-0,07006308 -0,04637665 0,2536758
-0,05653272 -0,05233926 0,2560516
-0,04512137 -0,05478558 0,2596358
-0,03370483 -0,0595755 0,262909
-0,02236462 -0,0674201 0,2654887
-0,009034656 -0,08064717 0,2678604
-0,009034656 -0,08064717 0,2678604
0,003843716 -0,09359512 0,2681351
0,01563054 -0,108256 0,2691013
0,02792217 -0,1217313 0,2679039
0,03968372 -0,1337157 0,2676232
0,05179317 -0,1453941 0,267591
0,05179317 -0,1453941 0,267591
0,0662154 -0,1538772 0,2622149
0,07792553 -0,1622003 0,2612221
0,08911842 -0,169974 0,259225
0,09970468 -0,1707066 0,2574781
0,1084961 -0,1700484 0,25777
0,1084961 -0,1700484 0,25777
0,1160857 -0,1614833 0,2583551
0,1252605 -0,1510726 0,2575788
0,1323592 -0,141061 0,2561566
0,137779 -0,1308567 0,2541178
0,1390457 -0,121159 0,253798
0,1390457 -0,121159 0,253798
0,1387627 -0,1127616 0,2534532
0,1398543 -0,1037387 0,2520097
0,1398098 -0,09631628 0,2502083
0,1397324 -0,08967987 0,2496427
0,1397324 -0,08967987 0,2496427
0,1401452 -0,08446541 0,2485851
0,139101 -0,08207422 0,2486938
0,1385221 -0,07951528 0,2480942
0,1379427 -0,07955939 0,2479645
0,1370692 -0,08024365 0,2475358
0,1370692 -0,08024365 0,2475358
0,1367662 -0,08179942 0,2473027
0,1364235 -0,08283287 0,2471016
0,1363578 -0,08369333 0,2467318
0,1374449 -0,08325915 0,245677
0,138179 -0,08313018 0,2450351
0,138179 -0,08313018 0,2450351
0,1376622 -0,08509839 0,2454343
0,1367896 -0,08756608 0,2457739
0,1360001 -0,08963184 0,2460077
0,1355269 -0,09091325 0,2458683
0,1350943 -0,09199533 0,2457065
0,1350943 -0,09199533 0,2457065
0,1348821 -0,09223241 0,2455289
0,1346386 -0,09273645 0,2454625
0,1345003 -0,09298921 0,2454778
0,1342748 -0,09338152 0,2455029
0,1340566 -0,09352341 0,2457172
0,1340566 -0,09352341 0,2457172
0,1338439 -0,09360012 0,2458936
0,1335968 -0,09373339 0,2460514
0,1332195 -0,09385915 0,2463185
0,1332155 -0,09367928 0,2464803
0,1331618 -0,09334943 0,2465811
0,1331618 -0,09334943 0,2465811
0,1328023 -0,09340581 0,2468014
