-0,02757686 -0,1365868 0,2920412
-0,02821653 -0,1365246 0,2918674
-0,02882476 -0,1363786 0,2917675
-0,02956772 -0,1361767 0,2917907
-0,03048506 -0,1359579 0,2917421
-0,03145352 -0,1357958 0,2915651
-0,03145352 -0,1357958 0,2915651
-0,03261018 -0,1353832 0,2911431
-0,03392749 -0,134724 0,2909546
-0,03534536 -0,1340603 0,2907321
-0,03662307 -0,1337031 0,2900887
-0,03794643 -0,1332751 0,2895824
-0,03794643 -0,1332751 0,2895824
-0,03934912 -0,1332067 0,2887157
-0,04056343 -0,1329502 0,2877813
-0,04098066 -0,1331073 0,2864498
-0,04131472 -0,1331384 0,2856331
-0,04131472 -0,1331384 0,2856331
-0,03933505 -0,134218 0,2850593
-0,034517 -0,1351746 0,284265
-0,0270856 -0,135684 0,2839267
-0,0135922 -0,1345488 0,2864655
0,0001498387 -0,1302573 0,2889271
0,0001498387 -0,1302573 0,2889271
0,02352457 -0,1145718 0,2891127
0,04493961 -0,09756726 0,2907844
0,06528987 -0,07925791 0,29031
0,08349767 -0,05452004 0,2872761
0,09814803 -0,0321497 0,284568
0,09814803 -0,0321497 0,284568
0,1014122 -0,00547415 0,2713981
0,09996722 0,01751594 0,2617469
0,09605241 0,03836855 0,2525569
0,08302766 0,05838077 0,2385331
0,06624204 0,07201664 0,2262517
0,06624204 0,07201664 0,2262517
0,04305931 0,08278599 0,2163252
0,01975176 0,09012321 0,2057458
-0,00585461 0,08858772 0,1951085
-0,0305507 0,08498652 0,1875798
-0,0305507 0,08498652 0,1875798
-0,05475747 0,07689039 0,1806697
-0,07728423 0,06357613 0,1762139
-0,09740131 0,04568547 0,1748121
-0,1110466 0,02687916 0,18
-0,1222892 0,006728515 0,1859451
-0,1222892 0,006728515 0,1859451
-0,113837 -0,006891519 0,2063873
-0,1002019 -0,02748218 0,2312309
-0,08137069 -0,04802689 0,2648607
-0,05806269 -0,05918449 0,3000586
-0,02894543 -0,07433856 0,325543
-0,02894543 -0,07433856 0,325543
-0,009031089 -0,08442235 0,3246869
-0,0007471344 -0,08763504 0,3236979
0,00469272 -0,08622178 0,3218151
0,003657704 -0,08926442 0,3192019
0,002007561 -0,0885807 0,3173621
0,002007561 -0,0885807 0,3173621
-0,000909047 -0,09005028 0,3166425
-0,002864324 -0,09090212 0,3164237
-0,004339887 -0,09155253 0,3166565
-0,00526174 -0,09303212 0,3167927
-0,005927896 -0,09240758 0,3171582
-0,005927896 -0,09240758 0,3171582
-0,005874167 -0,09370652 0,3165641
-0,006951012 -0,09354156 0,3178198
-0,007852138 -0,09422937 0,3180967
-0,008540802 -0,09476745 0,3184023
-0,008821254 -0,09445614 0,3184641
-0,008821254 -0,09445614 0,3184641
-0,0091841 -0,0949209 0,318417
-0,009394278 -0,095175 0,3184567
-0,009359473 -0,09509012 0,3184017
-0,009333809 -0,09514993 0,3184112
-0,009333809 -0,09514993 0,3184112
-0,009228185 -0,09494096 0,3185046
-0,009049922 -0,09491983 0,31846
-0,008872812 -0,09470037 0,3184182
-0,00851494 -0,09429216 0,3182153
-0,008574449 -0,0940983 0,3183473
-0,008574449 -0,0940983 0,3183473
-0,008644679 -0,09379593 0,3183611
-0,008812306 -0,09359339 0,3182463
-0,008881398 -0,09310707 0,3180788
-0,00882006 -0,09284154 0,3178808
-0,008849799 -0,09260601 0,3178349
-0,008849799 -0,09260601 0,3178349
-0,008867849 -0,0926556 0,3179206
-0,008892957 -0,09266844 0,3179744
-0,008944098 -0,09274167 0,3180723
-0,008976172 -0,09300405 0,3182141
-0,009129161 -0,09337935 0,3182133
-0,009129161 -0,09337935 0,3182133
-0,009249313 -0,09369487 0,3181133
-0,009404895 -0,09371114 0,3180634
-0,009543777 -0,09336126 0,3179693
-0,009720807 -0,09341022 0,317855
-0,009969794 -0,09358394 0,3177399
-0,009969794 -0,09358394 0,3177399
-0,0102199 -0,09379524 0,3177124
-0,01045254 -0,09374964 0,3176554
-0,01058459 -0,09353113 0,3175398
-0,01063223 -0,09369051 0,3173578
-0,01052152 -0,09348875 0,3172412
-0,01052152 -0,09348875 0,3172412
-0,01053104 -0,09351125 0,3172717
-0,01052849 -0,09346193 0,3172977
-0,01050995 -0,09351864 0,3173119
-0,01044991 -0,09357521 0,3172946
-0,01044991 -0,09357521 0,3172946
-0,01024778 -0,09374595 0,3173247
-0,01014516 -0,09388867 0,3173869
-0,01008196 -0,09409782 0,3173943
-0,01003358 -0,09406435 0,3174635
-0,01001823 -0,09413821 0,3175289
-0,01001823 -0,09413821 0,3175289
-0,009988336 -0,09426072 0,317562
-0,00992934 -0,09443569 0,3175268
-0,009945107 -0,09455541 0,3175446
-0,009933189 -0,09473664 0,3175322
-0,009973494 -0,09504282 0,3173007
-0,009973494 -0,09504282 0,3173007
-0,009996906 -0,09505469 0,3172347
-0,009993734 -0,09510207 0,3172186
-0,009962555 -0,09512275 0,3172194
-0,009984137 -0,09497318 0,3172163
-0,009955022 -0,09500343 0,3172148
