0,04071814 -0,179146 0,1989496
0,04152164 -0,1760873 0,1975589
0,04202254 -0,1739794 0,19685
0,04283201 -0,1707042 0,1958394
0,04283201 -0,1707042 0,1958394
0,04338463 -0,1665216 0,1939198
0,04370108 -0,1626034 0,1915165
0,04374107 -0,1586537 0,1890981
0,04360271 -0,154678 0,1870652
0,04268614 -0,152035 0,1843614
0,04268614 -0,152035 0,1843614
0,04138781 -0,1498285 0,1824807
0,03976431 -0,1485991 0,181016
0,03771856 -0,1482767 0,1796649
0,03569931 -0,1496935 0,1787992
0,03311399 -0,1520192 0,1790154
0,03311399 -0,1520192 0,1790154
0,0292681 -0,1591838 0,1817998
0,02528494 -0,1668295 0,1848715
0,02121725 -0,1753229 0,1888474
0,01650076 -0,1863389 0,1956877
0,01247792 -0,1958292 0,2024427
0,01247792 -0,1958292 0,2024427
0,008187126 -0,200628 0,2157353
0,005489095 -0,2010991 0,2253989
0,001523655 -0,1982038 0,2398302
-0,001138975 -0,1827177 0,2516042
-0,001529641 -0,1512197 0,2590884
-0,001529641 -0,1512197 0,2590884
-0,001536803 -0,1101748 0,2670204
-0,002171552 -0,06979892 0,2740625
-0,0007828036 -0,0262334 0,2732585
0,001395801 0,0174064 0,2702287
0,003852514 0,05418953 0,2598785
0,003852514 0,05418953 0,2598785
0,00483548 0,08605409 0,2532998
0,005436375 0,1240869 0,2467885
0,007722093 0,1399777 0,2404127
0,008490574 0,1719581 0,2300517
0,008872017 0,1916923 0,2262277
0,008872017 0,1916923 0,2262277
0,01070502 0,2081903 0,2191191
0,01130047 0,2192815 0,2144826
0,01154875 0,2263202 0,2105789
0,01080904 0,2303716 0,208778
0,01080904 0,2303716 0,208778
0,009760357 0,2358105 0,2067753
0,009271963 0,2401576 0,2045238
0,007633998 0,240407 0,2044117
0,006843262 0,2435682 0,2027466
0,005039386 0,2428881 0,20144
0,005039386 0,2428881 0,20144
0,004562096 0,237057 0,2038359
0,003767636 0,231935 0,204894
0,002800455 0,2279623 0,2061895
0,001940845 0,225785 0,2075985
-2,494328E-05 0,2214263 0,2088301
-2,494328E-05 0,2214263 0,2088301
0,0003705746 0,2205657 0,20938
-0,0001000034 0,2198086 0,20991
-0,0009221314 0,2193571 0,2106885
-0,001354648 0,2195633 0,2110441
-0,002282862 0,2169301 0,212717
-0,002282862 0,2169301 0,212717
-0,002417101 0,2146065 0,2127168
-0,002667717 0,2118616 0,2132496
-0,002641877 0,2105967 0,2135555
-0,002841223 0,2099135 0,2134236
-0,003088989 0,2127857 0,2129837
-0,003088989 0,2127857 0,2129837
-0,00292623 0,2120493 0,2132023
-0,002825197 0,2116911 0,213422
-0,0028506 0,211854 0,2135309
-0,002770359 0,2113034 0,2139821
-0,002770359 0,2113034 0,2139821
-0,002595178 0,2090911 0,2141759
-0,002697391 0,208652 0,2147971
-0,002675577 0,2095205 0,215019
-0,002904076 0,2084121 0,21559
-0,002650487 0,2092425 0,2157723
-0,002650487 0,2092425 0,2157723
-0,002848361 0,2083585 0,2160498
-0,003090309 0,2079239 0,2168107
