0,1786063 -0,106905 0,2296191
0,1791187 -0,1003248 0,2316163
0,1788731 -0,09370553 0,2340956
0,1773081 -0,08464906 0,2366008
0,1740552 -0,07646531 0,2390099
0,1706664 -0,06665784 0,2416825
0,1706664 -0,06665784 0,2416825
0,1633407 -0,06090045 0,2449077
0,1576695 -0,05271563 0,2458156
0,1517702 -0,04616714 0,2468246
0,1433899 -0,04309931 0,247643
0,1346363 -0,04153867 0,2496136
0,1346363 -0,04153867 0,2496136
0,1244006 -0,04393524 0,2515177
0,1141853 -0,04726508 0,2531652
0,1030548 -0,05285439 0,2540743
0,0909563 -0,06120303 0,254067
0,07847289 -0,0714781 0,2539605
0,07847289 -0,0714781 0,2539605
0,06447725 -0,08552387 0,2528942
0,04966356 -0,1005147 0,2516317
0,03516049 -0,1148831 0,2504249
0,02014234 -0,1301066 0,242415
0,004795624 -0,1421647 0,2365717
0,004795624 -0,1421647 0,2365717
-0,01026465 -0,1533001 0,2332155
-0,02550387 -0,1649241 0,2321794
-0,04149296 -0,1719665 0,2313
-0,05433648 -0,1735671 0,2259985
-0,05433648 -0,1735671 0,2259985
-0,06446081 -0,1687464 0,2169404
-0,07315131 -0,161497 0,2063182
-0,08308372 -0,1510602 0,2048724
-0,09323446 -0,1395321 0,205686
-0,1017535 -0,1281252 0,2101538
-0,1017535 -0,1281252 0,2101538
-0,09735035 -0,1085936 0,2086039
-0,09370361 -0,09301734 0,2108772
-0,08809062 -0,07761413 0,2128582
-0,07955141 -0,06501943 0,2160383
-0,06974084 -0,05213377 0,2187067
-0,06974084 -0,05213377 0,2187067
-0,05823979 -0,04492758 0,2254761
-0,04531296 -0,03992459 0,229877
-0,03320312 -0,03646842 0,235281
-0,02200058 -0,03705506 0,2401089
-0,009927839 -0,03954282 0,2438693
-0,009927839 -0,03954282 0,2438693
0,0006050069 -0,05039957 0,2462335
0,01133769 -0,06122535 0,2481446
0,0215219 -0,07477286 0,2500469
0,03033823 -0,0916923 0,2500275
0,03939001 -0,1060351 0,2499684
0,03939001 -0,1060351 0,2499684
0,0493311 -0,120166 0,249203
0,06189993 -0,1341507 0,2453395
0,07381775 -0,1474836 0,2426575
0,08630444 -0,1576443 0,2379644
0,08630444 -0,1576443 0,2379644
0,09945925 -0,1652263 0,2354324
0,1119768 -0,1691951 0,2331748
0,1243421 -0,1714744 0,233428
0,1385701 -0,1639327 0,2342986
0,1535866 -0,1559321 0,2341279
0,1535866 -0,1559321 0,2341279
0,1665808 -0,1433315 0,2342568
0,17713 -0,1305373 0,2340886
0,1853095 -0,1184629 0,2335598
0,1914704 -0,1054336 0,2332436
0,19577 -0,09401654 0,233084
0,19577 -0,09401654 0,233084
0,195659 -0,08593956 0,2334784
0,1937119 -0,08082423 0,2341104
0,1924398 -0,07592773 0,2344798
0,1911398 -0,0725076 0,2349607
0,1896457 -0,06965992 0,2344429
0,1896457 -0,06965992 0,2344429
0,188853 -0,06802304 0,2344162
0,1873241 -0,06742959 0,234309
0,1859479 -0,0671961 0,2339302
0,1849418 -0,06739508 0,2335187
0,184027 -0,0673528 0,2332341
0,184027 -0,0673528 0,2332341
0,1833539 -0,06814343 0,2327301
0,1826342 -0,06887925 0,2324809
0,1820641 -0,06985554 0,2324041
0,1814928 -0,07101835 0,2324845
0,180438 -0,07299356 0,2326137
0,180438 -0,07299356 0,2326137
0,1805003 -0,07361592 0,2322462
0,1804546 -0,07438104 0,2319634
0,1806197 -0,07477957 0,2317732
0,1808133 -0,07497871 0,2317272
0,1808133 -0,07497871 0,2317272
0,1814414 -0,07469359 0,2316191
0,1818857 -0,07448983 0,2315123
0,1821929 -0,0743123 0,2315319
0,1822696 -0,07452977 0,2314566
0,1824736 -0,07459474 0,2314891
0,1824736 -0,07459474 0,2314891
0,1824367 -0,0750643 0,2315706
0,1825918 -0,07546327 0,2317312
0,182579 -0,07613003 0,231933
0,1825882 -0,07692692 0,2318121
0,1825583 -0,07778117 0,2317579
0,1825583 -0,07778117 0,2317579
0,1825888 -0,07849087 0,2318638
0,1828946 -0,07851881 0,231907
0,1833659 -0,07854049 0,231703
0,1837919 -0,07830596 0,2317211
0,1844985 -0,07804641 0,2313209
