0,04090706 -0,1868119 0,189703
0,04110537 -0,1839617 0,1876835
0,04110537 -0,1839617 0,1876835
0,04104047 -0,179718 0,1854926
0,04175308 -0,1761454 0,1811804
0,04225206 -0,1727113 0,1776356
0,04230556 -0,1700141 0,1747708
0,04230556 -0,1700141 0,1747708
0,04157586 -0,1675864 0,1728118
0,0405729 -0,1664617 0,1711536
0,03946455 -0,1658321 0,17004
0,03820013 -0,1671401 0,1689866
0,03647554 -0,169624 0,1691873
0,03647554 -0,169624 0,1691873
0,03473524 -0,1746359 0,1710009
0,03219071 -0,1811753 0,1744986
0,02848991 -0,1878641 0,1819148
0,02417056 -0,1962775 0,1900494
0,01958578 -0,2034348 0,1994793
0,01958578 -0,2034348 0,1994793
0,01441195 -0,2047109 0,2105302
0,008125565 -0,2031558 0,2243053
0,002798889 -0,1961542 0,2348564
-0,004134821 -0,1832984 0,2465592
-0,006354872 -0,1567259 0,259991
-0,006354872 -0,1567259 0,259991
-0,009323668 -0,1183888 0,2704424
-0,01077505 -0,08060399 0,2773674
-0,01176097 -0,04154202 0,2798582
-0,01084483 -0,005021781 0,2774948
-0,01044315 0,03095338 0,2741771
-0,01044315 0,03095338 0,2741771
-0,007695245 0,05775353 0,2670891
-0,005801867 0,08548275 0,2621565
-0,003463255 0,1113536 0,2574826
0,0001865708 0,1437721 0,2475527
0,0001865708 0,1437721 0,2475527
0,002012457 0,1551858 0,2433182
0,003485165 0,1703163 0,2400185
0,005745294 0,1824802 0,2359779
0,005746102 0,1926445 0,2331778
0,007259976 0,1985047 0,231142
0,007259976 0,1985047 0,231142
0,008030414 0,1986168 0,2299072
0,008327735 0,1969205 0,2293571
0,008376293 0,1962322 0,2283455
0,0083549 0,1994697 0,2277023
0,007972831 0,2020618 0,2274388
0,007972831 0,2020618 0,2274388
0,007357409 0,2022671 0,2274447
0,006717948 0,2013217 0,2277367
0,006076843 0,200592 0,2283515
0,00553803 0,198202 0,2291328
0,004844936 0,1976541 0,230033
0,004844936 0,1976541 0,230033
0,004769591 0,1932858 0,2307101
0,004047637 0,1887858 0,2315462
0,004295836 0,1861324 0,231879
0,003818602 0,1840259 0,2321698
0,003291126 0,1837949 0,2327415
0,003291126 0,1837949 0,2327415
0,003357193 0,1819134 0,2331026
0,003078958 0,1825323 0,2328766
0,002592014 0,1831433 0,233538
0,002747712 0,1828907 0,2330676
0,002551365 0,1821062 0,2334505
0,002551365 0,1821062 0,2334505
0,002794418 0,1819963 0,2334259
0,002650165 0,1815011 0,2336391
0,002884588 0,1806079 0,2340633
0,002885322 0,1788961 0,2346605
0,002885322 0,1788961 0,2346605
0,003418081 0,1784086 0,2352371
0,003971953 0,1777004 0,2359137
0,004522554 0,1778754 0,2364218
0,004947159 0,1763475 0,2368478
