0,05485567 -0,1468306 0,2783283
0,05499977 -0,1472723 0,2782831
0,05521689 -0,1478532 0,2783612
0,05554493 -0,1483465 0,278386
0,05554493 -0,1483465 0,278386
0,05608738 -0,1491051 0,2781993
0,05644347 -0,1506555 0,278264
0,05709387 -0,1520765 0,2781934
0,05827291 -0,1537746 0,2782625
0,05973669 -0,1558472 0,2783341
0,05973669 -0,1558472 0,2783341
0,06454892 -0,1558494 0,2784674
0,06992838 -0,155565 0,2801148
0,07652019 -0,153901 0,2814417
0,08533774 -0,1471813 0,2805427
0,09335718 -0,1421025 0,2803473
0,09335718 -0,1421025 0,2803473
0,1037414 -0,1170545 0,2799534
0,1109907 -0,09356681 0,2788107
0,1154928 -0,06795216 0,2762581
0,1192758 -0,0426544 0,2740802
0,115136 -0,01294526 0,2649162
0,115136 -0,01294526 0,2649162
0,1035374 0,01024911 0,2536903
0,09138304 0,02780956 0,2454734
0,0765235 0,04770532 0,2354785
0,0558126 0,06394187 0,218509
0,0558126 0,06394187 0,218509
0,03464326 0,0653234 0,2054409
0,01323128 0,06719407 0,1917862
-0,008763011 0,06485074 0,179043
-0,02882169 0,05469231 0,1686251
-0,04849705 0,0446355 0,1607465
-0,04849705 0,0446355 0,1607465
-0,06286084 0,03009997 0,1549979
-0,0684335 0,01178366 0,155263
-0,07193241 -0,004235715 0,1573311
-0,06891885 -0,02176346 0,1691737
-0,05135749 -0,04148449 0,2057411
-0,05135749 -0,04148449 0,2057411
-0,02167605 -0,05864227 0,2565263
0,00445248 -0,07947269 0,3006414
0,03719307 -0,1029252 0,3183606
0,05437174 -0,1065417 0,3241967
0,05226399 -0,09751865 0,3096274
0,05226399 -0,09751865 0,3096274
0,0485117 -0,09479064 0,3032755
0,0474076 -0,09527162 0,3013186
0,04656122 -0,09781554 0,3013682
0,04607112 -0,1004211 0,3020507
0,04712138 -0,1027714 0,3036255
0,04712138 -0,1027714 0,3036255
0,04836931 -0,1029268 0,3046368
0,04910547 -0,1043778 0,3055891
0,04873611 -0,107147 0,3067221
0,04906073 -0,1089058 0,3074118
0,04906073 -0,1089058 0,3074118
0,04967004 -0,1113606 0,3073761
0,05032207 -0,1125543 0,3083678
0,05059566 -0,1146881 0,3094374
0,05029308 -0,1174864 0,3096497
0,05086237 -0,1184206 0,3096882
0,05086237 -0,1184206 0,3096882
0,05243537 -0,1167568 0,3100643
0,05306887 -0,1182605 0,3103898
0,0534376 -0,1200854 0,3105587
0,05420185 -0,1202943 0,3107252
0,05546978 -0,1190625 0,3107463
0,05546978 -0,1190625 0,3107463
0,0560569 -0,1197026 0,3108663
0,0564929 -0,1209245 0,3109345
0,05710142 -0,1210102 0,3108671
0,05785701 -0,1205048 0,3108704
0,05852214 -0,1202231 0,3108005
0,05852214 -0,1202231 0,3108005
0,05926204 -0,1195241 0,3108643
0,05967722 -0,1198886 0,3113608
0,05992976 -0,1208115 0,3126986
0,06122056 -0,1206326 0,3137794
0,06484421 -0,1229601 0,3111253
0,06484421 -0,1229601 0,3111253
0,06712998 -0,1243805 0,3089083
0,06979865 -0,1218273 0,3084564
0,06945071 -0,1225764 0,3073059
0,06975852 -0,1236393 0,3057985
0,06932183 -0,1249444 0,3042286
0,06932183 -0,1249444 0,3042286
