0,1882195 -0,1085969 0,2064362
0,1890203 -0,1040503 0,2088139
0,1895328 -0,09757128 0,2107526
0,1895328 -0,09757128 0,2107526
0,1875555 -0,08890927 0,2137661
0,1841913 -0,080614 0,2161546
0,1798688 -0,07243615 0,2185409
0,1743524 -0,06535256 0,2205852
0,1743524 -0,06535256 0,2205852
0,1638492 -0,06255221 0,2235989
0,1542642 -0,059085 0,2253275
0,1443892 -0,05568367 0,2259901
0,1340184 -0,05447471 0,2262153
0,1230839 -0,05478583 0,2263805
0,1230839 -0,05478583 0,2263805
0,1117162 -0,05746756 0,2268878
0,09946574 -0,06066844 0,2275697
0,08620967 -0,06959979 0,2282307
0,0721472 -0,0808062 0,2282797
0,05908395 -0,08924529 0,2263111
0,05908395 -0,08924529 0,2263111
0,0448495 -0,1003829 0,2242048
0,03006971 -0,1120065 0,2206634
0,01497654 -0,1234702 0,2158959
-0,000115153 -0,136199 0,2120935
-0,01723894 -0,1473428 0,2075945
-0,01723894 -0,1473428 0,2075945
-0,03391977 -0,1554337 0,2044313
-0,04881073 -0,1597598 0,1984777
-0,06357177 -0,1629102 0,1940088
-0,076832 -0,1614816 0,1857182
-0,08633237 -0,1574369 0,172712
-0,08633237 -0,1574369 0,172712
-0,09686579 -0,1415563 0,1687735
-0,1082045 -0,132552 0,1696898
-0,1165939 -0,1162598 0,1702598
-0,120633 -0,1009643 0,1712587
-0,1189813 -0,08465993 0,1703261
-0,1189813 -0,08465993 0,1703261
-0,1136655 -0,07195558 0,1723467
-0,1077859 -0,05999516 0,1745981
-0,09926067 -0,05005048 0,1793575
-0,08942012 -0,04201601 0,1838757
-0,08942012 -0,04201601 0,1838757
-0,07829918 -0,03987069 0,1885486
-0,06712054 -0,03684716 0,1932389
-0,05465747 -0,03815536 0,1971112
-0,04144754 -0,04149032 0,2014676
-0,02914748 -0,05075793 0,2068557
-0,02914748 -0,05075793 0,2068557
-0,01633807 -0,06292243 0,2115562
-0,002597894 -0,07603641 0,2157077
0,01098625 -0,09065689 0,2190361
0,02568076 -0,1047917 0,2192035
0,040028 -0,1191818 0,2204275
0,040028 -0,1191818 0,2204275
0,05386113 -0,1312177 0,2222153
0,07089115 -0,1413255 0,2194545
0,08736192 -0,152374 0,2165164
0,1038387 -0,1601455 0,2129294
0,1191403 -0,1656115 0,2105086
0,1191403 -0,1656115 0,2105086
0,1329354 -0,1637196 0,2088522
0,1488471 -0,1603578 0,2078762
0,1634939 -0,1518514 0,2070231
0,1779316 -0,1424319 0,2061606
0,1890616 -0,1322717 0,2024906
0,1890616 -0,1322717 0,2024906
0,1977582 -0,1213055 0,2015053
0,2056045 -0,1107382 0,2006706
0,2112674 -0,1011627 0,2011494
0,2131571 -0,09438643 0,2007961
0,2131571 -0,09438643 0,2007961
0,2141776 -0,08941567 0,2005092
0,2151421 -0,0846782 0,1999733
0,2145703 -0,08213943 0,1994857
0,2131844 -0,08033851 0,1995376
0,2118906 -0,07954922 0,1989712
0,2118906 -0,07954922 0,1989712
0,2103532 -0,07956252 0,1989261
0,208955 -0,07967335 0,1987881
0,2073717 -0,08014593 0,1986491
0,2060303 -0,08083698 0,198314
0,204464 -0,08175403 0,1980335
0,204464 -0,08175403 0,1980335
0,2030296 -0,08302096 0,1973468
0,2017434 -0,08395983 0,1970017
0,1998945 -0,08546905 0,1967489
0,1987741 -0,08637653 0,1966748
0,1975186 -0,0874939 0,1966085
0,1975186 -0,0874939 0,1966085
0,1963316 -0,08866748 0,1968595
0,1953886 -0,08954765 0,1969457
0,1947145 -0,09015256 0,197084
0,1941566 -0,09083852 0,1972394
0,193761 -0,09123555 0,1973472
0,193761 -0,09123555 0,1973472
0,1934495 -0,09164971 0,1974377
0,1933341 -0,09194532 0,1974679
0,1932066 -0,09227878 0,1974612
0,1932309 -0,09239583 0,1975858
0,1930572 -0,09266269 0,1978639
0,1930572 -0,09266269 0,1978639
0,1931757 -0,09270287 0,1979839
0,1932798 -0,09285176 0,1980123
0,1932896 -0,09315333 0,1980177
0,19349 -0,09330153 0,1978576
0,19349 -0,09330153 0,1978576
0,1934914 -0,09369758 0,1977718
0,1936349 -0,0939472 0,1978293
0,1938923 -0,09413972 0,1978258
0,1940616 -0,09458336 0,1976478
0,1944048 -0,09486428 0,1973607
0,1944048 -0,09486428 0,1973607
0,1946547 -0,09540126 0,1971048
0,194919 -0,09597093 0,1969556
0,1948367 -0,09673128 0,1970346
0,194923 -0,09742472 0,1971738
0,1950429 -0,09797169 0,1971915
0,1950429 -0,09797169 0,1971915
0,1953579 -0,09830856 0,196954
0,1955043 -0,09895861 0,196771
0,1957381 -0,09944417 0,1967936
0,1959884 -0,09989339 0,1969418
0,196071 -0,1004664 0,1970573
0,196071 -0,1004664 0,1970573
0,1960393 -0,1008949 0,1973244
0,1963074 -0,1009936 0,1974082
0,1965574 -0,1010966 0,1974524
0,1969135 -0,1009715 0,1974395
0,1971993 -0,1009816 0,1972971
0,1971993 -0,1009816 0,1972971
0,1974845 -0,1007976 0,1971798
0,1976881 -0,1006785 0,1970154
0,1977573 -0,1006165 0,1968966
0,1979238 -0,1005321 0,1967954
0,1979768 -0,1005993 0,1967629
0,1979768 -0,1005993 0,1967629
0,1981304 -0,1005114 0,1967218
0,1982169 -0,1005439 0,1967492
0,1983952 -0,1005477 0,196654
0,1984435 -0,1006131 0,1966341
0,1984435 -0,1006131 0,1966341
0,1984444 -0,1007021 0,1965412
0,1985326 -0,1007373 0,1963994
0,1986628 -0,1007616 0,1962074
0,1986398 -0,1008444 0,1960986
0,1986042 -0,1009415 0,195885
0,1986042 -0,1009415 0,195885
0,1985671 -0,1011433 0,1958252
0,1985115 -0,1013385 0,1957451
0,1984551 -0,1015114 0,1957029
0,1984974 -0,10159 0,1956438
0,1983963 -0,1017535 0,1955951
0,1983963 -0,1017535 0,1955951
0,1984051 -0,1020456 0,1955604
0,198423 -0,1022088 0,1955025
0,19857 -0,1023714 0,1954559
0,1985773 -0,1025514 0,1953644
0,1986566 -0,1026436 0,1952433
0,1986566 -0,1026436 0,1952433
0,1987504 -0,1027344 0,1950838
0,1988439 -0,1027798 0,1949779
0,1989145 -0,1028191 0,1948316
0,1990215 -0,1028178 0,1946131
0,1991826 -0,1028833 0,1943825
