0,04362212 -0,1453709 0,2250355
0,04320705 -0,1436356 0,2233664
0,04320705 -0,1436356 0,2233664
0,04306954 -0,1411406 0,2210773
0,04263401 -0,1385729 0,2184938
0,04193148 -0,1361374 0,2167106
0,04155818 -0,1325032 0,2145161
0,04155818 -0,1325032 0,2145161
0,04111291 -0,1281338 0,2121842
0,04028342 -0,1253442 0,2114321
0,03966763 -0,1224175 0,2105461
0,03929213 -0,1198057 0,2096656
0,0388667 -0,1180833 0,209594
0,0388667 -0,1180833 0,209594
0,03798605 -0,1185547 0,2096666
0,03730742 -0,1194491 0,2099382
0,03633436 -0,1210117 0,2105311
0,03511184 -0,1249379 0,2121451
0,0333577 -0,1300854 0,2148907
0,0333577 -0,1300854 0,2148907
0,03127256 -0,1358426 0,218709
0,0288976 -0,1412965 0,2227261
0,02624944 -0,1448192 0,227968
0,02364296 -0,1459618 0,2344982
0,0203315 -0,1375941 0,2455718
0,0203315 -0,1375941 0,2455718
0,0178016 -0,1153475 0,2548341
0,01573213 -0,08838299 0,2632896
0,01518274 -0,05325624 0,2694433
0,01416213 -0,01644152 0,272815
0,01519372 0,02227755 0,26893
0,01519372 0,02227755 0,26893
0,0174021 0,06173366 0,2598306
0,01879817 0,09753999 0,2534389
0,02130373 0,1292276 0,2418926
0,02309639 0,1667054 0,2348296
0,02309639 0,1667054 0,2348296
0,02399713 0,1891023 0,2242727
0,0257912 0,2080082 0,2152521
0,0257502 0,2293542 0,2103134
0,02820386 0,2498933 0,2020908
0,02864462 0,26091 0,1968252
0,02864462 0,26091 0,1968252
0,02877412 0,2683187 0,1938489
0,02844291 0,2709469 0,191405
0,02831449 0,2710422 0,1910588
0,02762545 0,2692977 0,1909588
0,02772457 0,2683944 0,1905686
0,02772457 0,2683944 0,1905686
0,02698145 0,2662565 0,1915592
0,02645551 0,2633342 0,1925473
0,02512023 0,2624921 0,1933759
0,02464447 0,261344 0,1945897
0,02400338 0,261039 0,197308
0,02400338 0,261039 0,197308
0,02423472 0,2562183 0,1991997
0,02413764 0,2529777 0,2014479
0,02466809 0,2525261 0,2027846
0,0239891 0,2511424 0,2059071
0,02362056 0,2489237 0,2072626
0,02362056 0,2489237 0,2072626
0,02432931 0,2488471 0,2077391
0,02445273 0,2486404 0,2085815
0,02388051 0,2474713 0,2112641
0,02365759 0,247143 0,2125196
0,02365759 0,247143 0,2125196
0,02320965 0,2488248 0,2134819
0,02348701 0,2488673 0,2140008
0,02342993 0,2486476 0,2148267
0,02361182 0,248217 0,2154387
0,02409125 0,2476906 0,2156933
0,02409125 0,2476906 0,2156933
0,02394316 0,2479729 0,2160182
0,02412574 0,2472809 0,2164775
0,02390758 0,2466144 0,2176072
0,02428326 0,2447606 0,2185611
0,02423326 0,2455581 0,2184569
0,02423326 0,2455581 0,2184569
0,02447425 0,2448818 0,2186802
0,02426653 0,2456861 0,218693
0,02411426 0,2476666 0,2185833
0,024146 0,2477021 0,2185596
0,02398904 0,2474041 0,2188881
0,02398904 0,2474041 0,2188881
0,02373822 0,2468699 0,218892
0,0234701 0,2471777 0,2191237
0,02284727 0,2470528 0,2194058
0,02226833 0,2465573 0,2198089
0,02248131 0,2462102 0,2199309
0,02248131 0,2462102 0,2199309
0,0220298 0,2466685 0,2201229
0,02178351 0,2466272 0,2202883
0,02165378 0,2459735 0,2205673
0,02114357 0,2459244 0,2207014
0,02099233 0,2438795 0,22151
0,02099233 0,2438795 0,22151
0,02116641 0,2441013 0,2218196
0,02130378 0,2440488 0,2220218
0,02127445 0,2433958 0,2226683
0,02147821 0,2414263 0,2233329
0,02147821 0,2414263 0,2233329
0,02169665 0,2398504 0,2238496
0,02184217 0,2375888 0,2244383
0,02233217 0,2354055 0,2246656
0,02283685 0,2326818 0,2252525
0,02283645 0,2319812 0,2252543
