0,06614677 -0,1707224 0,2560066
0,06614677 -0,1707224 0,2560066
0,07244372 -0,1725928 0,2565056
0,08056788 -0,1735384 0,2584323
0,08981173 -0,1732602 0,2606234
0,1032768 -0,1686627 0,2631765
0,1032768 -0,1686627 0,2631765
0,1196158 -0,156522 0,2636619
0,135404 -0,1412295 0,2637374
0,1476224 -0,1188813 0,2619106
0,1567819 -0,09435213 0,2578362
0,1570391 -0,06617433 0,252042
0,1570391 -0,06617433 0,252042
0,1492977 -0,04660723 0,2429798
0,1402761 -0,01718372 0,2308074
0,1280908 0,009927228 0,2165306
0,1138666 0,03448264 0,2043141
0,09207544 0,04911335 0,1889583
0,09207544 0,04911335 0,1889583
0,06985204 0,05532959 0,1734936
0,04746741 0,06288195 0,1582063
0,02473585 0,06125855 0,1435686
0,003899388 0,05909725 0,130207
-0,01591537 0,04927292 0,1182774
-0,01591537 0,04927292 0,1182774
-0,02780885 0,03313851 0,1136044
-0,04013525 0,01512417 0,1122011
-0,04344678 -0,002262995 0,1172347
-0,04025975 -0,01869763 0,1260049
-0,02585253 -0,03640196 0,1563755
-0,02585253 -0,03640196 0,1563755
0,003585499 -0,04841694 0,2029503
0,03512676 -0,0668819 0,2483368
0,09162494 -0,1115697 0,3115897
0,1152227 -0,1357312 0,337786
0,1295037 -0,1302358 0,3216711
0,1295037 -0,1302358 0,3216711
0,1297139 -0,1164908 0,3071327
0,1266023 -0,1146497 0,3017622
0,1210278 -0,1187998 0,2967032
0,1175201 -0,1224085 0,2963232
0,1175201 -0,1224085 0,2963232
0,1175703 -0,1239173 0,2972045
0,1177668 -0,1263719 0,2982034
0,1200317 -0,1266686 0,2995756
0,1222635 -0,1272434 0,3007816
0,1245264 -0,127786 0,3016499
0,1245264 -0,127786 0,3016499
0,1253776 -0,129015 0,3024392
0,1263934 -0,1307486 0,3023906
0,1273461 -0,1318933 0,3024374
0,1284756 -0,1325911 0,3026059
0,1296449 -0,1328555 0,3025653
0,1296449 -0,1328555 0,3025653
0,1307189 -0,1334358 0,3019463
0,1319543 -0,1335439 0,3016989
0,1331273 -0,1337471 0,3014144
0,135116 -0,1334705 0,3004603
0,1368567 -0,1329503 0,3004938
0,1368567 -0,1329503 0,3004938
0,1375412 -0,133304 0,30014
0,1383797 -0,133288 0,2999097
0,1387087 -0,1333477 0,2997005
0,1388905 -0,1336156 0,2995639
0,1390703 -0,1337163 0,2992507
0,1390703 -0,1337163 0,2992507
0,1390252 -0,1343143 0,2990639
0,1394906 -0,1344013 0,298808
0,1401589 -0,1342721 0,2986259
0,1406653 -0,1342275 0,2984737
0,1405058 -0,1348898 0,2982914
0,1405058 -0,1348898 0,2982914
0,1404201 -0,1356481 0,2983892
0,1407464 -0,1360871 0,2984218
0,1415448 -0,13581 0,2985834
0,1420038 -0,1357631 0,2986423
