0,05278997 -0,1521751 0,1933286
0,05362773 -0,1500534 0,192242
0,05436401 -0,1476466 0,1908488
0,05530969 -0,1430898 0,1878542
0,05603777 -0,138078 0,1840116
0,05603777 -0,138078 0,1840116
0,05652264 -0,1319496 0,1801309
0,05699171 -0,1260108 0,1752769
0,05690268 -0,11959 0,1697117
0,05629208 -0,1160963 0,1660928
0,05533062 -0,1136917 0,1626226
0,05533062 -0,1136917 0,1626226
0,05502136 -0,1123753 0,1597152
0,05364325 -0,1121024 0,1576373
0,05199727 -0,1145203 0,1575572
0,04999191 -0,1172744 0,1578582
0,04999191 -0,1172744 0,1578582
0,04601995 -0,125548 0,1626933
0,04126747 -0,1349475 0,1692415
0,03616901 -0,1456707 0,1777255
0,03069073 -0,156814 0,1861399
0,02535892 -0,1663052 0,197171
0,02535892 -0,1663052 0,197171
0,01945646 -0,1727697 0,2126914
0,01243937 -0,1756575 0,2304603
0,007019479 -0,1689259 0,2403924
0,0008720804 -0,1574493 0,2540822
-0,003907647 -0,1302526 0,2646115
-0,003907647 -0,1302526 0,2646115
-0,007727032 -0,09131047 0,2703338
-0,009640984 -0,05080318 0,2711795
-0,01082224 -0,01077029 0,2693845
-0,008719868 0,02414612 0,2623561
-0,006299088 0,05844766 0,2517414
-0,006299088 0,05844766 0,2517414
-0,005711515 0,0866994 0,2478263
-0,003158729 0,1142276 0,2384911
-0,001229501 0,1435029 0,230894
0,001132878 0,1680499 0,2240509
0,002364883 0,1774809 0,2207572
0,002364883 0,1774809 0,2207572
0,003001357 0,186812 0,2169708
0,004311225 0,1952133 0,2136275
0,004022188 0,2030772 0,2116319
0,004288453 0,2104283 0,2090181
0,003534425 0,2151416 0,20677
0,003534425 0,2151416 0,20677
0,003039457 0,2155596 0,2056292
0,002150802 0,2148502 0,2053209
0,001369413 0,2125673 0,20531
0,0002342189 0,2093155 0,206562
4,254376E-05 0,2076923 0,2065619
4,254376E-05 0,2076923 0,2065619
-0,000809201 0,2028473 0,2078795
-0,001254937 0,2028567 0,2075657
-0,002160867 0,2020447 0,2082987
-0,002629633 0,201573 0,2084649
-0,002629633 0,201573 0,2084649
-0,002919878 0,2028621 0,2083373
-0,002958454 0,2010094 0,2088365
-0,003257085 0,2004938 0,2085594
-0,00348446 0,1982455 0,2089607
-0,00356368 0,197904 0,209057
-0,00356368 0,197904 0,209057
-0,00369533 0,1973006 0,2091785
-0,003842293 0,1952597 0,2094051
-0,003887532 0,1947009 0,2095524
-0,003696361 0,1959023 0,2092198
-0,003970926 0,1968459 0,2087836
-0,003970926 0,1968459 0,2087836
-0,003722032 0,1991274 0,2086581
-0,003905336 0,2010831 0,2081983
-0,003666309 0,204558 0,2075168
-0,003810643 0,2041827 0,207696
-0,002911268 0,2024448 0,208557
-0,002911268 0,2024448 0,208557
-0,002476614 0,199433 0,2097801
-0,002115406 0,1962538 0,2111749
-0,00187641 0,1959345 0,2121815
-0,001721566 0,1946172 0,21329
-0,001562885 0,19511 0,213889
-0,001562885 0,19511 0,213889
-0,001184593 0,1924436 0,2150635
-0,0005809008 0,1906684 0,2158998
-0,0005342646 0,1899497 0,2166574
0,0001083715 0,1864111 0,2170498
0,0001083715 0,1864111 0,2170498
0,0004767484 0,1860468 0,2172471
0,001196656 0,1843872 0,217726
