0,09024303 -0,1520031 0,2191733
0,09110378 -0,1514691 0,2197713
0,09212378 -0,1504329 0,2206638
0,09312885 -0,1490537 0,2217578
0,0944149 -0,1459872 0,2225923
0,0944149 -0,1459872 0,2225923
0,09530786 -0,1417874 0,2238687
0,09593143 -0,1371185 0,2255195
0,09604201 -0,1319055 0,2279896
0,09631415 -0,1259036 0,2299993
0,09508141 -0,1192216 0,2307318
0,09508141 -0,1192216 0,2307318
0,09321783 -0,1125699 0,2320527
0,09011807 -0,1067196 0,2337987
0,08603903 -0,1031113 0,2364634
0,08084001 -0,10036 0,2385191
0,07524066 -0,09972569 0,2402306
0,07524066 -0,09972569 0,2402306
0,06694961 -0,1022625 0,2412255
0,05901622 -0,1040822 0,2408306
0,0493083 -0,1094934 0,2385082
0,03863291 -0,1165771 0,2376542
0,02730986 -0,1274864 0,2354804
0,02730986 -0,1274864 0,2354804
0,01584989 -0,1383016 0,2285638
0,003148148 -0,1510738 0,2247171
-0,009968108 -0,1620028 0,2209256
-0,023364 -0,1728466 0,213429
-0,023364 -0,1728466 0,213429
-0,03650627 -0,179954 0,2119841
-0,05106899 -0,182581 0,208696
-0,0602321 -0,1801523 0,1997871
-0,06712031 -0,1737426 0,1876941
-0,06975066 -0,1594454 0,1753887
-0,06975066 -0,1594454 0,1753887
-0,07710159 -0,1451669 0,1786142
-0,08326421 -0,1283267 0,1806921
-0,08603661 -0,1139751 0,1841255
-0,08284137 -0,09920776 0,1879621
-0,07813698 -0,08575724 0,190843
-0,07813698 -0,08575724 0,190843
-0,06794316 -0,0762049 0,1930175
-0,05855937 -0,0663617 0,1943029
-0,05084559 -0,05848242 0,1974113
-0,04209244 -0,05577281 0,2012728
-0,03368434 -0,05165207 0,2048447
-0,03368434 -0,05165207 0,2048447
-0,02319804 -0,06232098 0,2094933
-0,01412132 -0,06898016 0,2132371
-0,005945844 -0,08080545 0,2178384
0,002851289 -0,09330292 0,2219094
0,01324442 -0,1089668 0,2231411
0,01324442 -0,1089668 0,2231411
0,02427638 -0,1237272 0,2241537
0,03537823 -0,1368599 0,2264027
0,04607793 -0,1502113 0,2305701
0,05719168 -0,1646924 0,2347158
0,07431625 -0,1662235 0,2252627
0,07431625 -0,1662235 0,2252627
0,0832497 -0,1693977 0,2252854
0,09373464 -0,1681406 0,2253698
0,1038403 -0,164884 0,2257058
0,1125396 -0,1609344 0,2268602
0,1125396 -0,1609344 0,2268602
0,1170475 -0,1542481 0,2257112
0,1221887 -0,14738 0,2245492
0,1259099 -0,1408399 0,2234374
0,1274695 -0,1361686 0,2224955
0,1288399 -0,1321713 0,2213684
0,1288399 -0,1321713 0,2213684
0,1283039 -0,1296349 0,221426
0,1281906 -0,1270152 0,2206803
0,1279628 -0,1248134 0,2198718
0,1272115 -0,1229975 0,2195038
0,1266588 -0,1217578 0,2184721
0,1266588 -0,1217578 0,2184721
0,1255617 -0,1212904 0,2188571
0,1245413 -0,120751 0,2185123
0,1235351 -0,1206726 0,2183416
0,1226889 -0,1207206 0,217982
0,1216724 -0,1209486 0,2176264
0,1216724 -0,1209486 0,2176264
0,1210404 -0,1209761 0,2183577
0,1206333 -0,1206209 0,218373
0,1202012 -0,1204431 0,2184105
0,1195865 -0,1205517 0,2183838
0,1193969 -0,1205413 0,2186587
0,1193969 -0,1205413 0,2186587
0,1191685 -0,1202097 0,2188085
0,1188774 -0,1200807 0,2190686
0,1186863 -0,119967 0,2191995
0,1185448 -0,1199309 0,2193477
0,1185499 -0,1197253 0,2193147
0,1185499 -0,1197253 0,2193147
0,1186247 -0,119491 0,2194606
0,1187533 -0,1192084 0,2196958
0,1188522 -0,1190683 0,2199109
0,1191414 -0,1186789 0,2200016
0,1191414 -0,1186789 0,2200016
0,1192683 -0,118516 0,2200745
0,1195299 -0,1182542 0,2201706
0,1197325 -0,1181116 0,2202646
0,1199874 -0,1179579 0,2203677
0,120253 -0,1177869 0,2203749
0,120253 -0,1177869 0,2203749
0,1205646 -0,117709 0,2204571
0,1208616 -0,1178167 0,2205667
0,1211911 -0,1178912 0,2206644
0,12134 -0,1181943 0,2207773
0,1216289 -0,1181873 0,2208025
0,1216289 -0,1181873 0,2208025
0,1217957 -0,1181646 0,2207649
