0,1360583 -0,09788463 0,1810417
0,1335517 -0,08433065 0,1837754
0,1304716 -0,07406433 0,1864788
0,1244837 -0,06423941 0,1911851
0,1187361 -0,05279417 0,1940491
0,1187361 -0,05279417 0,1940491
0,1108847 -0,04467975 0,1945285
0,1026851 -0,03708375 0,1961243
0,09339315 -0,03201567 0,1984151
0,08373549 -0,02799866 0,2005886
0,07300578 -0,0280412 0,2026161
0,07300578 -0,0280412 0,2026161
0,06259003 -0,0295555 0,203168
0,05126184 -0,0323853 0,2029452
0,03969601 -0,03911854 0,2032544
0,02727432 -0,04867387 0,2034026
0,01465994 -0,05955613 0,2040962
0,01465994 -0,05955613 0,2040962
0,002295552 -0,06697416 0,2007429
-0,01005275 -0,07944709 0,1978359
-0,02306649 -0,09068027 0,1937122
-0,03645233 -0,1029704 0,1893962
-0,04913856 -0,1145502 0,184514
-0,04913856 -0,1145502 0,184514
-0,06108323 -0,1289093 0,182273
-0,0734598 -0,1393303 0,1775274
-0,08667643 -0,1445326 0,1721936
-0,100501 -0,1515105 0,1696259
-0,1123817 -0,1529024 0,1610794
-0,1123817 -0,1529024 0,1610794
-0,1203871 -0,146692 0,151566
-0,1296718 -0,1409386 0,1455925
-0,1365933 -0,1317932 0,1399889
-0,1447784 -0,1234699 0,1432789
-0,1447784 -0,1234699 0,1432789
-0,1507507 -0,1066811 0,1445482
-0,1530393 -0,09092705 0,1454089
-0,1503895 -0,07320586 0,1463729
-0,1450903 -0,05788077 0,1494956
-0,1360469 -0,04277487 0,1530069
-0,1360469 -0,04277487 0,1530069
-0,1222442 -0,03293155 0,1585663
-0,1084529 -0,02420372 0,1641759
-0,09429523 -0,01767921 0,169615
-0,08066952 -0,01242389 0,1752465
-0,06700178 -0,0064459 0,1809038
-0,06700178 -0,0064459 0,1809038
-0,05054586 -0,01488061 0,184806
-0,03561908 -0,02198748 0,1889235
-0,02096944 -0,02901441 0,1933042
-0,008238793 -0,0390037 0,1965469
0,004453249 -0,05230689 0,1995624
0,004453249 -0,05230689 0,1995624
0,01695966 -0,06878603 0,2018464
0,03095521 -0,08383471 0,2017972
0,04336768 -0,0993548 0,2018122
0,05518742 -0,1101462 0,2012337
0,07014598 -0,1263062 0,2009847
0,07014598 -0,1263062 0,2009847
0,08383732 -0,137365 0,1984772
0,09648564 -0,1458545 0,1948105
0,1097989 -0,1533261 0,1913843
0,1206473 -0,155977 0,1885336
0,1206473 -0,155977 0,1885336
0,1320041 -0,1529493 0,1873806
0,143199 -0,1492055 0,1865767
0,1523262 -0,1428852 0,1859009
0,1621509 -0,1353548 0,1844345
0,1697564 -0,1271616 0,1823721
0,1697564 -0,1271616 0,1823721
0,1726061 -0,1193902 0,1804595
0,1748291 -0,1131914 0,1795481
0,1766312 -0,1073572 0,1786745
0,1765276 -0,1034148 0,1787736
0,1771692 -0,09883173 0,1784185
0,1771692 -0,09883173 0,1784185
0,1764996 -0,09632154 0,1784702
0,1759703 -0,09356289 0,1781938
0,1748814 -0,09205157 0,1773801
0,1742911 -0,09035589 0,1765434
0,1731461 -0,08962281 0,175983
0,1731461 -0,08962281 0,175983
0,172193 -0,08972454 0,1758281
0,1706377 -0,09047773 0,1755007
0,1691245 -0,09120095 0,1751791
0,1685149 -0,09219813 0,1744721
0,1676721 -0,09269705 0,1737569
0,1676721 -0,09269705 0,1737569
0,1679557 -0,09260114 0,1730395
0,1679914 -0,09280229 0,1723125
0,1678797 -0,09323779 0,1716463
0,1676296 -0,0938586 0,1713931
0,1673772 -0,09458545 0,1708561
0,1673772 -0,09458545 0,1708561
0,1671255 -0,09524861 0,1706177
0,1669224 -0,09593526 0,1703849
0,1668541 -0,09637046 0,1704285
0,1669706 -0,09675948 0,1702023
0,1669706 -0,09675948 0,1702023
0,1672011 -0,09669051 0,1702899
0,1672995 -0,09692267 0,1702994
0,1674746 -0,09715585 0,1703337
0,1675281 -0,09746325 0,1704065
0,1676305 -0,09774905 0,1704423
0,1676305 -0,09774905 0,1704423
0,1678846 -0,09774289 0,1705413
0,1681003 -0,09782863 0,1706989
0,1682425 -0,09784567 0,1705087
0,1683877 -0,09789374 0,1703718
0,1683832 -0,09804092 0,1702228
0,1683832 -0,09804092 0,1702228
0,1683895 -0,09816727 0,1700599
0,1683313 -0,0983983 0,1699722
0,168263 -0,09867547 0,1697323
0,1682148 -0,09901533 0,1695244
0,168093 -0,09944598 0,1694586
0,168093 -0,09944598 0,1694586
0,168209 -0,09987468 0,1693319
0,1683738 -0,100273 0,169239
0,1684918 -0,1005902 0,1692802
0,1688898 -0,1008803 0,169035
0,1692124 -0,101273 0,1689525
0,1692124 -0,101273 0,1689525
0,1695237 -0,1015997 0,1689578
0,1697364 -0,1021289 0,1690596
0,1698716 -0,1027118 0,1691458
0,1703017 -0,1029963 0,1690731
0,1705568 -0,1031937 0,1690149
