0,02589425 -0,1427839 0,2426483
0,0256869 -0,1426894 0,2422808
0,02546362 -0,1427749 0,241902
0,02518554 -0,1434413 0,2414925
0,02485779 -0,1443167 0,240989
0,02471568 -0,1469844 0,2406206
0,02471568 -0,1469844 0,2406206
0,02599474 -0,151931 0,2413345
0,02787529 -0,156837 0,2423709
0,03283594 -0,1633428 0,244508
0,04091366 -0,1679736 0,2461028
0,05600613 -0,171161 0,2521275
0,05600613 -0,171161 0,2521275
0,07565334 -0,1722975 0,2560919
0,09514473 -0,1695266 0,2612602
0,114543 -0,1665224 0,2664871
0,1394897 -0,1450684 0,2655385
0,1628799 -0,1245362 0,2680043
0,1628799 -0,1245362 0,2680043
0,1741316 -0,09398073 0,2647433
0,1804512 -0,06680387 0,2570386
0,1813999 -0,04007497 0,2493139
0,1736558 -0,01420568 0,238072
0,1604898 0,007339314 0,2274076
0,1604898 0,007339314 0,2274076
0,1410216 0,01833102 0,2169089
0,1165448 0,03524025 0,2010281
0,09289899 0,04665902 0,189319
0,06754624 0,05087301 0,1755665
0,06754624 0,05087301 0,1755665
0,04586607 0,04815175 0,1615386
0,023413 0,04513852 0,1492061
0,004949575 0,03950778 0,1350349
-0,01131383 0,03122512 0,122895
-0,02422663 0,01491883 0,1232901
-0,02422663 0,01491883 0,1232901
-0,03004278 0,001570053 0,1250908
-0,03314406 -0,01232608 0,1265877
-0,02801494 -0,03267241 0,1428052
-0,01843398 -0,04794014 0,1572623
8,833133E-06 -0,06179069 0,1832221
8,833133E-06 -0,06179069 0,1832221
0,02840247 -0,07689628 0,2231945
0,0574064 -0,09395114 0,2615643
0,09066989 -0,1065643 0,2837814
0,1226795 -0,1193411 0,301323
0,1408087 -0,1191905 0,2983721
0,1408087 -0,1191905 0,2983721
0,156607 -0,1101136 0,2900862
0,1618187 -0,1035979 0,2842369
0,1606304 -0,1029794 0,2813161
0,1583464 -0,1039288 0,2793252
0,1556733 -0,1053068 0,2785692
0,1556733 -0,1053068 0,2785692
0,1516175 -0,1086037 0,2785915
0,1502524 -0,1091032 0,2786763
0,1487607 -0,110083 0,2790817
0,1471165 -0,1119128 0,2795192
0,1460661 -0,1132633 0,279952
0,1460661 -0,1132633 0,279952
0,1455605 -0,11439 0,2805505
0,1453265 -0,1150163 0,2810215
0,1451609 -0,1154162 0,2815567
0,1451559 -0,1155686 0,281763
0,1451559 -0,1155686 0,281763
0,1446295 -0,1160848 0,2818187
0,1440666 -0,1165895 0,2818025
0,1437616 -0,1166313 0,2816064
0,1433114 -0,1169536 0,281418
0,1432114 -0,1171566 0,2813169
0,1432114 -0,1171566 0,2813169
0,1432387 -0,1173874 0,2813317
0,1431982 -0,1176793 0,2812806
0,1431656 -0,1182447 0,2814991
0,1428514 -0,1191457 0,2817851
0,1422486 -0,1205023 0,2822982
0,1422486 -0,1205023 0,2822982
0,1415212 -0,1215016 0,2825201
0,1410766 -0,1220958 0,2826377
0,1404208 -0,1225556 0,2827784
0,1401318 -0,1227065 0,2829672
0,1400093 -0,1230093 0,2831092
0,1400093 -0,1230093 0,2831092
0,1398679 -0,1233804 0,2833089
0,1398051 -0,12356 0,2834671
0,1395294 -0,1237606 0,283554
0,1394853 -0,1238849 0,283412
0,1390709 -0,1243118 0,2834809
0,1390709 -0,1243118 0,2834809
0,1389534 -0,1245988 0,2835538
0,1389039 -0,1248866 0,2835571
0,1388142 -0,1251841 0,2834661
0,1390063 -0,1251903 0,2833688
0,1389527 -0,1255598 0,2832434
0,1389527 -0,1255598 0,2832434
0,1388403 -0,1258444 0,2833861
0,138809 -0,1259879 0,2835947
0,1385873 -0,125915 0,2839292
0,1380569 -0,1257014 0,284166
0,1380569 -0,1257014 0,284166
