0,1905402 -0,09965034 0,2279487
0,1914788 -0,09740198 0,2290222
0,1918521 -0,09477365 0,2298376
0,1920402 -0,09122656 0,2310485
0,1907386 -0,08524027 0,2334472
0,1907386 -0,08524027 0,2334472
0,188451 -0,07738027 0,2357971
0,18634 -0,06869358 0,2383653
0,1817733 -0,06111962 0,2414113
0,1767256 -0,05403809 0,2436631
0,1694667 -0,04778817 0,2463452
0,1694667 -0,04778817 0,2463452
0,1605131 -0,04572019 0,2484533
0,1523342 -0,04210442 0,2503941
0,142764 -0,04028505 0,2517224
0,1331763 -0,03846934 0,2530769
0,1210461 -0,04373944 0,2537787
0,1210461 -0,04373944 0,2537787
0,1083432 -0,05038512 0,2534125
0,09427119 -0,05982652 0,2524733
0,07984339 -0,07081416 0,2518869
0,06424916 -0,08361298 0,2504207
0,04862698 -0,0992606 0,2472029
0,04862698 -0,0992606 0,2472029
0,03295978 -0,1139123 0,2431051
0,01678371 -0,1275755 0,2364489
0,001086029 -0,1415153 0,2317691
-0,01562005 -0,1538534 0,2260306
-0,0323502 -0,167412 0,2243285
-0,0323502 -0,167412 0,2243285
-0,04877559 -0,1733567 0,2198525
-0,06234973 -0,1767407 0,2142619
-0,07795139 -0,1770192 0,2102061
-0,08905803 -0,1712676 0,1989927
-0,1020735 -0,1592374 0,1873677
-0,1020735 -0,1592374 0,1873677
-0,1113255 -0,1450196 0,1907172
-0,1219484 -0,1290054 0,1918778
-0,1292319 -0,1128697 0,1923044
-0,1310563 -0,09676486 0,1936434
-0,1310563 -0,09676486 0,1936434
-0,128164 -0,08088326 0,1948972
-0,1246079 -0,06579873 0,1971316
-0,1159801 -0,05448708 0,2002261
-0,1085847 -0,0433947 0,2043482
-0,09825931 -0,0368513 0,2105337
-0,09825931 -0,0368513 0,2105337
-0,08787835 -0,03030333 0,2152331
-0,07596488 -0,02653775 0,2199488
-0,06439963 -0,0244745 0,2252888
-0,05254941 -0,02755295 0,2309623
-0,04033865 -0,03221451 0,2355587
-0,04033865 -0,03221451 0,2355587
-0,02861349 -0,04309499 0,2391293
-0,01653746 -0,05504759 0,2433029
-0,005091462 -0,06722818 0,2466879
0,00677735 -0,08273491 0,2493629
0,01739885 -0,09962058 0,2522396
0,01739885 -0,09962058 0,2522396
0,02978913 -0,1141258 0,2534256
0,04514349 -0,1265149 0,2508234
0,0611207 -0,1376168 0,2487986
0,07545866 -0,1442387 0,2466347
0,08869988 -0,1523914 0,2473081
0,08869988 -0,1523914 0,2473081
0,1027183 -0,1525833 0,2468031
0,1176234 -0,1498565 0,2490497
0,1320232 -0,1448624 0,2487008
0,1450776 -0,1381263 0,2467606
0,1575459 -0,1312217 0,2452624
0,1575459 -0,1312217 0,2452624
0,1636394 -0,1244882 0,2444832
0,170893 -0,1168064 0,244117
0,1753757 -0,1107375 0,2437274
0,1788686 -0,1046219 0,2423266
0,1788686 -0,1046219 0,2423266
0,1818546 -0,09904316 0,2414275
0,1843717 -0,09365362 0,240903
0,1864473 -0,08869037 0,2401886
0,1869688 -0,0851294 0,2393175
0,1881873 -0,08066696 0,2388851
0,1881873 -0,08066696 0,2388851
0,1874503 -0,07890725 0,2386572
0,1872271 -0,0764876 0,2377552
0,1861549 -0,07529847 0,2378618
0,1855572 -0,07411605 0,2371251
0,1843731 -0,07367805 0,2363627
0,1843731 -0,07367805 0,2363627
0,1837087 -0,07282753 0,2361021
0,1821472 -0,07284889 0,2358462
0,1806955 -0,07291259 0,2356208
0,1797483 -0,07368338 0,2348351
0,1793768 -0,07340091 0,2341454
0,1793768 -0,07340091 0,2341454
0,1787921 -0,07341501 0,2341536
0,1781936 -0,0734293 0,2340703
0,1775514 -0,0739305 0,2339765
0,1770835 -0,0742766 0,233798
0,1767013 -0,07477984 0,2339267
0,1767013 -0,07477984 0,2339267
0,1766766 -0,07490069 0,2340148
0,1765805 -0,07502227 0,2340539
0,1763143 -0,07536253 0,2339096
0,1762005 -0,07559237 0,2338101
0,1762005 -0,07559237 0,2338101
0,1760988 -0,07602006 0,2337478
0,1761602 -0,07611874 0,2337858
0,176124 -0,07640468 0,2337206
0,1762075 -0,07682012 0,233602
0,1761879 -0,07717967 0,2334741
0,1761879 -0,07717967 0,2334741
