0,07200687 -0,1470979 0,2648832
0,0725202 -0,1480506 0,2647603
0,07337422 -0,1491988 0,2648548
0,0742953 -0,1503265 0,2648342
0,07631772 -0,1522003 0,2654449
0,07631772 -0,1522003 0,2654449
0,07969949 -0,1542918 0,2673498
0,08449659 -0,1548963 0,2695278
0,0905013 -0,1536266 0,2707093
0,09824727 -0,1496408 0,2725773
0,1058903 -0,1442579 0,2739655
0,1058903 -0,1442579 0,2739655
0,1152747 -0,1310116 0,2754397
0,1232138 -0,1179742 0,2766766
0,1311491 -0,1027215 0,2772123
0,1355401 -0,08598226 0,276965
0,1403583 -0,06836084 0,2788148
0,1403583 -0,06836084 0,2788148
0,140578 -0,04954657 0,275348
0,1408549 -0,03030005 0,272502
0,1396739 -0,01146966 0,2693937
0,135825 0,005635053 0,2661524
0,1304588 0,02141728 0,2617821
0,1304588 0,02141728 0,2617821
0,1235352 0,033806 0,258389
0,1164471 0,04745041 0,2537155
0,1076499 0,05998866 0,2489232
0,09856173 0,06857264 0,2425653
0,08694649 0,07586114 0,2372298
0,08694649 0,07586114 0,2372298
0,07624702 0,08372669 0,2322905
0,06492269 0,08891763 0,226725
0,05285656 0,09273455 0,2218362
0,0412658 0,0950743 0,2155502
0,0412658 0,0950743 0,2155502
0,02837855 0,092437 0,211348
0,01599653 0,08846982 0,2055422
0,00286757 0,08319692 0,2014762
-0,00760951 0,08092344 0,1962293
-0,01886478 0,0756463 0,1905378
-0,01886478 0,0756463 0,1905378
-0,0295624 0,06407049 0,1874625
-0,03937991 0,0528878 0,1847719
-0,04880939 0,04420602 0,1813226
-0,05556949 0,03171064 0,1797918
-0,06156725 0,02103306 0,177142
-0,06156725 0,02103306 0,177142
-0,06409438 0,008000061 0,1781954
-0,06578697 -0,00572592 0,1799781
-0,06654081 -0,01841362 0,1815626
-0,06316462 -0,03089121 0,18423
-0,05976132 -0,04155111 0,18828
-0,05976132 -0,04155111 0,18828
-0,05501799 -0,04750705 0,1969639
-0,04818909 -0,05566135 0,2058564
-0,04164241 -0,063934 0,2146927
-0,02950498 -0,07036132 0,22108
-0,01935271 -0,07758702 0,2274772
-0,01935271 -0,07758702 0,2274772
-0,008846395 -0,08314264 0,240484
0,003439466 -0,08854529 0,2529743
0,01613543 -0,09616455 0,2653564
0,02947379 -0,1010653 0,2762629
0,04307956 -0,1040519 0,2843368
0,04307956 -0,1040519 0,2843368
0,0545118 -0,1078813 0,2919352
0,06690151 -0,1097331 0,3000148
0,07735924 -0,11347 0,306748
0,08851659 -0,1144964 0,3122086
0,09851394 -0,1121597 0,3170963
0,09851394 -0,1121597 0,3170963
0,104707 -0,1110126 0,3181131
0,1108851 -0,1097885 0,3195054
0,1146832 -0,10817 0,3200377
0,1176215 -0,1066466 0,3202668
0,1176215 -0,1066466 0,3202668
0,1182583 -0,105823 0,3194567
0,1185679 -0,1056866 0,3191002
0,1188366 -0,1055989 0,3186187
0,118687 -0,1054574 0,3176675
0,1183726 -0,1051897 0,3168864
0,1183726 -0,1051897 0,3168864
0,1175193 -0,1051975 0,3165672
0,1169683 -0,1052229 0,3160958
0,1165964 -0,1049117 0,3158087
0,1162073 -0,1048097 0,3154784
0,1156649 -0,1051513 0,3149872
0,1156649 -0,1051513 0,3149872
0,1154964 -0,1055709 0,3151668
0,1153848 -0,1057405 0,3151282
0,1153802 -0,1058301 0,3151055
0,1153382 -0,1061295 0,3150865
0,1154195 -0,1064611 0,3150684
0,1154195 -0,1064611 0,3150684
0,1156213 -0,1066797 0,3151152
0,1159307 -0,1069465 0,3152064
0,1162305 -0,1071619 0,3152893
0,1164477 -0,1077003 0,3153082
0,1168169 -0,1077878 0,315125
0,1168169 -0,1077878 0,315125
0,1167889 -0,1081839 0,3150246
0,1168856 -0,1085211 0,3149196
0,1171435 -0,1085503 0,3150306
0,1172614 -0,1089551 0,3150789
0,1172614 -0,1089551 0,3150789
0,1176059 -0,1091974 0,3154455
0,1176976 -0,1100575 0,3154033
