0,1742659 -0,08250773 0,2272739
0,1741451 -0,07712254 0,2295964
0,1739205 -0,07053885 0,2317361
0,1739205 -0,07053885 0,2317361
0,1707029 -0,06096627 0,2345121
0,1666778 -0,05234134 0,2373006
0,1616668 -0,04336441 0,2393509
0,1554615 -0,0352703 0,2388702
0,1444526 -0,02896556 0,2401453
0,1444526 -0,02896556 0,2401453
0,1311794 -0,02939548 0,2416436
0,1178083 -0,03045256 0,2433033
0,1036202 -0,03618425 0,2441431
0,08886866 -0,04265532 0,244762
0,08886866 -0,04265532 0,244762
0,07259345 -0,05755991 0,2429827
0,0543826 -0,07354212 0,2411376
0,03460614 -0,09258616 0,240358
0,01422895 -0,1114352 0,2366844
-0,005225946 -0,1259296 0,2253225
-0,02435197 -0,1451613 0,2214271
-0,02435197 -0,1451613 0,2214271
-0,0448274 -0,1517763 0,2189348
-0,06113438 -0,1567977 0,2129664
-0,07690558 -0,1490016 0,2020753
-0,08756182 -0,1399701 0,1931718
-0,08756182 -0,1399701 0,1931718
-0,09417535 -0,1200336 0,1906342
-0,1049798 -0,1029425 0,1917215
-0,1028332 -0,08504808 0,193265
-0,09900682 -0,06580243 0,1947828
-0,09019507 -0,05016662 0,1962672
-0,09019507 -0,05016662 0,1962672
-0,08012342 -0,04181294 0,2024859
-0,07010152 -0,03484523 0,2081234
-0,05848353 -0,03449513 0,2141133
-0,04754584 -0,03545052 0,2201679
-0,03534808 -0,04567811 0,2248777
-0,03534808 -0,04567811 0,2248777
-0,0231941 -0,06417808 0,228036
-0,009913852 -0,08195284 0,2299477
0,004854335 -0,1047163 0,2299625
0,01923855 -0,1291605 0,2316855
0,03536995 -0,1521667 0,2401832
0,03536995 -0,1521667 0,2401832
0,05093732 -0,1653173 0,2392215
0,06941924 -0,1753263 0,2349878
0,08898547 -0,179423 0,2268386
0,1034351 -0,1808522 0,2261464
0,1034351 -0,1808522 0,2261464
0,1144095 -0,1739909 0,2276185
0,1305434 -0,1608387 0,2274033
0,1453803 -0,1455836 0,22649
0,1580315 -0,128517 0,2254238
0,1625433 -0,1140862 0,2276171
0,1625433 -0,1140862 0,2276171
0,1637395 -0,1018668 0,2276848
0,164898 -0,0904516 0,2276043
0,1650126 -0,08313325 0,2273184
0,1655333 -0,07602179 0,2259989
0,1629963 -0,07666425 0,2281556
0,1629963 -0,07666425 0,2281556
0,1621654 -0,07756314 0,2285492
0,1613125 -0,07854696 0,2288941
0,1618754 -0,07858904 0,2286709
0,1620552 -0,08022091 0,2294631
0,1622218 -0,08308227 0,2299025
0,1622218 -0,08308227 0,2299025
0,1617918 -0,08596855 0,2310799
0,1618628 -0,08810428 0,2318711
0,1618397 -0,08934386 0,2321958
0,1612353 -0,09126139 0,2325404
0,1605609 -0,09276417 0,2327548
0,1605609 -0,09276417 0,2327548
0,1602191 -0,0935498 0,2326702
0,1598447 -0,09430732 0,2327272
0,1592932 -0,0949485 0,2327548
0,1588108 -0,09554133 0,2327626
0,1588108 -0,09554133 0,2327626
0,1580992 -0,09620064 0,2326998
0,1574391 -0,09672415 0,2326234
0,1566926 -0,09708545 0,2327721
0,1558738 -0,09747826 0,2327839
0,1550943 -0,09794453 0,2329463
0,1542833 -0,09838875 0,2329142
0,1542833 -0,09838875 0,2329142
0,1536242 -0,09901622 0,2331188
0,152722 -0,09986365 0,2335626
0,1519638 -0,1005287 0,2337946
0,151194 -0,1012253 0,23397
0,151194 -0,1012253 0,23397
0,1507497 -0,10173 0,2340469
0,1502386 -0,1023077 0,234074
0,1497314 -0,1029135 0,234151
0,1491725 -0,1036026 0,2341403
0,1487047 -0,1042101 0,2341748
0,1487047 -0,1042101 0,2341748
0,1483825 -0,1047051 0,2341273
0,1480792 -0,1052243 0,2341466
0,1479707 -0,1055265 0,2341054
0,1478454 -0,1058895 0,2341887
0,147716 -0,1064273 0,2343272
0,147716 -0,1064273 0,2343272
0,1476129 -0,1067063 0,2342714
0,1474252 -0,1071216 0,2342777
0,1470916 -0,1074666 0,234091
0,146606 -0,1079094 0,2339756
0,1458973 -0,1084633 0,2339455
