0,04898507 -0,150766 0,1894841
0,04890213 -0,1491031 0,1876826
0,04854222 -0,1487397 0,186496
0,04801948 -0,1491247 0,1852524
0,04801948 -0,1491247 0,1852524
0,04665116 -0,1518958 0,1853635
0,0445546 -0,1561102 0,1854795
0,04208578 -0,1615343 0,1869185
0,03883849 -0,1694151 0,1900741
0,03597754 -0,1772672 0,1920497
0,03597754 -0,1772672 0,1920497
0,03083036 -0,1865127 0,1982684
0,02661381 -0,1933651 0,2040333
0,0232265 -0,1976468 0,2082909
0,01776644 -0,1993743 0,2181251
0,01776644 -0,1993743 0,2181251
0,01240988 -0,195716 0,2293963
0,008350275 -0,1863616 0,2386062
0,004612954 -0,1657427 0,2516921
0,001614728 -0,137399 0,2610838
-0,001115665 -0,09463975 0,2606222
-0,001115665 -0,09463975 0,2606222
1,99359E-05 -0,053875 0,2585045
0,001116709 -0,01636782 0,2509296
0,002608905 0,01568371 0,2428217
0,00434736 0,04702216 0,2332736
0,003348644 0,07100579 0,2248614
0,003348644 0,07100579 0,2248614
0,00260459 0,08497497 0,2182023
0,0006337051 0,09723076 0,2138384
-0,00179762 0,108579 0,2102611
-0,004293448 0,1111978 0,2092317
-0,006920656 0,116513 0,2072031
-0,006920656 0,116513 0,2072031
-0,01037897 0,1162028 0,2089249
-0,01382967 0,1162608 0,2094585
-0,0168011 0,1133938 0,2126124
-0,01951738 0,1120325 0,2139508
-0,02152383 0,1048355 0,2167865
-0,02152383 0,1048355 0,2167865
-0,02196219 0,1049299 0,2174481
-0,02349709 0,104042 0,2190826
-0,02450774 0,1014671 0,2209605
-0,02486002 0,09830799 0,222084
-0,02486002 0,09830799 0,222084
-0,02553639 0,09749297 0,2224725
-0,02614745 0,09615447 0,2230177
-0,02668661 0,09619731 0,2227745
-0,02694744 0,09555309 0,2226419
-0,02753909 0,09616932 0,2222967
-0,02753909 0,09616932 0,2222967
-0,02852169 0,09510918 0,2223532
-0,02913146 0,09314424 0,2223658
-0,02983412 0,09242645 0,2223694
-0,030692 0,09077382 0,2225383
-0,03139915 0,09054422 0,2220427
-0,03139915 0,09054422 0,2220427
-0,03235542 0,09126902 0,2212457
-0,03319665 0,09073415 0,2206701
-0,03400289 0,08980101 0,2210425
-0,03433751 0,089376 0,2209192
-0,03490165 0,08825725 0,221175
-0,03490165 0,08825725 0,221175
-0,03515435 0,08840813 0,2212981
-0,03538036 0,08747914 0,2214398
-0,03547288 0,08695391 0,2217344
-0,03554327 0,0870866 0,2216755
-0,03541442 0,08673789 0,2216571
-0,03541442 0,08673789 0,2216571
-0,035659 0,08668485 0,2218867
-0,03564017 0,08672711 0,2218865
-0,03577873 0,0865721 0,2219079
-0,03579942 0,08616799 0,2220487
-0,03589364 0,0862391 0,2220827
-0,03589364 0,0862391 0,2220827
-0,03590602 0,08624418 0,2220344
-0,03595719 0,08569318 0,2222095
-0,03600961 0,08517297 0,2223202
-0,03608725 0,08476029 0,2227375
-0,03608725 0,08476029 0,2227375
-0,03600193 0,08454014 0,2229461
-0,03600144 0,08421035 0,2231599
-0,03596522 0,08398372 0,2231048
-0,03575217 0,08349031 0,2231594
-0,03573528 0,08335258 0,2233682
-0,03573528 0,08335258 0,2233682
