0,001747713 -0,1428469 0,252344
0,001747713 -0,1428469 0,252344
0,009656698 -0,1456438 0,2549564
0,01969017 -0,1483214 0,2573169
0,03450158 -0,150841 0,2615949
0,04972914 -0,1478179 0,2632518
0,06774779 -0,1435001 0,2671363
0,06774779 -0,1435001 0,2671363
0,08708999 -0,1335796 0,2685919
0,1060817 -0,1196148 0,2692857
0,122246 -0,09979695 0,2673588
0,1353269 -0,07947436 0,2660746
0,1410606 -0,05501255 0,2588251
0,1410606 -0,05501255 0,2588251
0,1368215 -0,02927224 0,2476696
0,1300223 -0,007389277 0,2382457
0,1144773 0,0119548 0,228088
0,09808702 0,0312323 0,2158229
0,07564601 0,04852681 0,1987924
0,07564601 0,04852681 0,1987924
0,04984224 0,05379449 0,1813397
0,02384379 0,0578566 0,1630827
-0,001255967 0,05669255 0,1462079
-0,02159288 0,04941295 0,133349
-0,04373842 0,04206566 0,1181235
-0,04373842 0,04206566 0,1181235
-0,05570973 0,02271985 0,1162768
-0,06214176 0,003736384 0,1185419
-0,06243938 -0,01274407 0,1250829
-0,04911368 -0,02567033 0,1454145
-0,03392169 -0,03960039 0,172678
-0,03392169 -0,03960039 0,172678
0,001762931 -0,05630067 0,2227667
0,03712907 -0,07757017 0,2649639
0,07305778 -0,09958318 0,3020768
0,1046603 -0,1093985 0,3124386
0,1046603 -0,1093985 0,3124386
0,1164906 -0,1058423 0,3079025
0,1258919 -0,1028605 0,306531
0,1236284 -0,1036356 0,3018982
0,1209696 -0,1062443 0,2973764
0,1158618 -0,1079351 0,2972132
0,1158618 -0,1079351 0,2972132
0,11447 -0,1089443 0,2977889
0,1134026 -0,1100289 0,2981006
0,1133985 -0,1117846 0,2989726
0,1138416 -0,1133585 0,2999686
0,1149762 -0,1134182 0,3008263
0,1149762 -0,1134182 0,3008263
0,1160437 -0,1134242 0,3011183
0,117045 -0,1136588 0,3016
0,1179513 -0,1136037 0,3018355
0,1181934 -0,1141429 0,3020731
0,1177023 -0,1150867 0,3017236
0,1177023 -0,1150867 0,3017236
0,1170179 -0,1155217 0,30161
0,1163133 -0,1162876 0,3014067
0,1156746 -0,1168308 0,3010627
0,1152346 -0,1175597 0,3006251
0,1151508 -0,1179345 0,30032
0,1151508 -0,1179345 0,30032
0,1151575 -0,1187317 0,3000062
0,115281 -0,1191541 0,2998977
0,1151117 -0,1199253 0,2997593
0,1150976 -0,1201977 0,2995855
0,1150976 -0,1201977 0,2995855
0,1147874 -0,1207174 0,2993871
0,1142616 -0,1214204 0,2991621
0,1138617 -0,1215121 0,2988241
0,113303 -0,1215475 0,2984696
0,1129736 -0,1213539 0,2981561
0,1129736 -0,1213539 0,2981561
0,1125388 -0,1217769 0,2980218
0,1121012 -0,1221007 0,2979208
0,1114993 -0,1223794 0,2980571
0,1107067 -0,1226298 0,2981542
0,1096194 -0,123414 0,2982995
0,1096194 -0,123414 0,2982995
0,1090582 -0,1237674 0,2981939
0,108443 -0,1240764 0,2982383
0,1079291 -0,1242471 0,2981797
0,1073836 -0,1243604 0,2982128
0,1073073 -0,1237489 0,2981707
0,1073073 -0,1237489 0,2981707
0,1071624 -0,123694 0,2982113
0,1069148 -0,123827 0,2983159
0,1067553 -0,1239538 0,2982888
0,1066091 -0,1239575 0,2982768
0,1064284 -0,1241693 0,2982479
0,1064284 -0,1241693 0,2982479
