0,07818488 -0,1487524 0,2613987
0,07842856 -0,1504256 0,2617222
0,07948241 -0,1518425 0,2623343
0,0806882 -0,1540199 0,2638375
0,0806882 -0,1540199 0,2638375
0,08645093 -0,1535976 0,2663818
0,09382422 -0,1498834 0,2685552
0,1024504 -0,1436989 0,2709154
0,1142253 -0,1312106 0,2733826
0,1142253 -0,1312106 0,2733826
0,1247037 -0,1109366 0,2764225
0,1325952 -0,08919626 0,2781342
0,1347868 -0,06500649 0,2756761
0,1358963 -0,03945997 0,2719191
0,1278184 -0,01313913 0,2605448
0,1278184 -0,01313913 0,2605448
0,1133929 0,005042389 0,2480669
0,09710763 0,02194969 0,2362002
0,08066238 0,03831141 0,2230007
0,05848186 0,04971443 0,2051269
0,03615316 0,05680986 0,1867874
0,03615316 0,05680986 0,1867874
0,01452727 0,05092481 0,1660967
-0,006390696 0,04474259 0,1485813
-0,02511932 0,03848284 0,1316709
-0,03997278 0,02494734 0,1241818
-0,05024859 0,006829791 0,1149202
-0,05024859 0,006829791 0,1149202
-0,04823377 -0,009545162 0,1259238
-0,0431845 -0,02415387 0,1424669
-0,03321869 -0,03756794 0,1665462
-0,01136076 -0,05091067 0,2072029
0,01003705 -0,05677238 0,2403038
0,01003705 -0,05677238 0,2403038
0,04143923 -0,0800066 0,2827378
0,06342477 -0,09212977 0,3035038
0,07994179 -0,1018616 0,3133107
0,08334506 -0,09906399 0,3086828
0,08334506 -0,09906399 0,3086828
0,08222497 -0,09807998 0,3034246
0,0828272 -0,0972214 0,2999944
0,08019584 -0,1005281 0,2993117
0,07900901 -0,1048355 0,29957
0,07873932 -0,1088226 0,2996867
0,07873932 -0,1088226 0,2996867
0,0806714 -0,1099551 0,3016556
0,08276035 -0,1087706 0,3027632
0,08439834 -0,1096187 0,3037826
0,08443581 -0,1121124 0,3046746
0,08621822 -0,1109444 0,3047898
0,08621822 -0,1109444 0,3047898
0,0863032 -0,1133928 0,3047994
0,08679219 -0,1141467 0,3048704
0,0876824 -0,1139045 0,3048528
0,0886303 -0,1135937 0,3046588
0,08943399 -0,1135569 0,3044383
0,08943399 -0,1135569 0,3044383
0,0902733 -0,1141087 0,3041396
0,09111709 -0,1146747 0,3038879
0,09219635 -0,1138485 0,3040531
0,09329697 -0,1132609 0,3040881
0,09329697 -0,1132609 0,3040881
0,09387052 -0,1132964 0,3039473
0,0943439 -0,1133674 0,3039407
0,09476423 -0,1134157 0,3037854
0,09465871 -0,1139417 0,3039469
0,09450817 -0,1145351 0,3042645
0,09450817 -0,1145351 0,3042645
0,09547529 -0,1139959 0,3032882
0,09617072 -0,1153032 0,3017228
0,09734061 -0,1164104 0,3000495
0,09988593 -0,1144862 0,2981488
0,1015209 -0,1137115 0,2992721
0,1015209 -0,1137115 0,2992721
0,1017122 -0,1128544 0,2981666
0,1010987 -0,115196 0,2959036
0,1005555 -0,1165651 0,294004
