0,04058459 -0,1667535 0,2042317
0,04058459 -0,1667535 0,2042317
0,0410899 -0,1634755 0,2019734
0,04133761 -0,1605107 0,1999497
0,04130296 -0,1570905 0,198042
0,04125562 -0,1539661 0,1957822
0,04118647 -0,15041 0,1931721
0,04118647 -0,15041 0,1931721
0,04036941 -0,1478938 0,1904394
0,03978983 -0,1456641 0,1876503
0,03903003 -0,1442007 0,1854304
0,03795419 -0,1433277 0,1838952
0,03720685 -0,1426434 0,180872
0,03720685 -0,1426434 0,180872
0,03515527 -0,1461181 0,1808581
0,0327585 -0,1502833 0,1812033
0,0300365 -0,1557348 0,1826386
0,02582563 -0,1640012 0,1868639
0,02582563 -0,1640012 0,1868639
0,02161352 -0,1735483 0,1917246
0,01705617 -0,1831083 0,1985734
0,01257778 -0,1889246 0,2070289
0,007113817 -0,1955963 0,2187252
0,001638204 -0,197811 0,2323821
0,001638204 -0,197811 0,2323821
-0,001847852 -0,1882003 0,2415471
-0,005219648 -0,1675279 0,2504202
-0,008770679 -0,1404526 0,2594174
-0,01075919 -0,1008543 0,2659598
-0,01152798 -0,06500518 0,2710853
-0,01152798 -0,06500518 0,2710853
-0,00943598 -0,02132758 0,2646434
-0,007024357 0,01479335 0,2595924
-0,004061415 0,04935029 0,2514204
-0,002108473 0,0845546 0,2444216
0,0005669929 0,1078064 0,2380687
0,0005669929 0,1078064 0,2380687
0,002031314 0,1332298 0,2300599
0,004360814 0,1546309 0,2232683
0,006367833 0,1781421 0,2164875
0,007927177 0,1948198 0,210901
0,01023523 0,2044369 0,2067513
0,01023523 0,2044369 0,2067513
0,01001771 0,2095208 0,2038975
0,01027867 0,2175056 0,2010218
0,009703046 0,2193805 0,1985711
0,01081319 0,2218096 0,196149
0,01081319 0,2218096 0,196149
0,009354701 0,2252775 0,195408
0,008521603 0,2264882 0,1940346
0,007777699 0,226692 0,1938653
0,00755856 0,2266597 0,1928694
0,006387263 0,226432 0,1928305
0,006387263 0,226432 0,1928305
0,005691295 0,2252587 0,1932565
0,005290179 0,223883 0,1933306
0,004796046 0,2218433 0,1939542
0,004168074 0,2201585 0,194267
0,003765981 0,2185237 0,1947012
0,003765981 0,2185237 0,1947012
0,003586015 0,2176001 0,1949173
0,003528484 0,2176796 0,1951077
0,003471504 0,2177874 0,1953202
0,003339695 0,2196158 0,194771
0,00310752 0,2198081 0,1951643
0,00310752 0,2198081 0,1951643
0,003185989 0,2203322 0,1948141
0,003182058 0,2199128 0,1951041
0,003338729 0,2185695 0,1953752
0,003495675 0,216813 0,1962631
0,003671225 0,2170009 0,196313
0,003671225 0,2170009 0,196313
0,003752864 0,214088 0,197174
0,004353551 0,2123577 0,1975018
0,004538766 0,2096315 0,1984658
0,004639863 0,2086398 0,1989667
0,004579516 0,2058683 0,1999393
0,004579516 0,2058683 0,1999393
0,004960292 0,2055227 0,1999571
0,005330711 0,2041654 0,2003616
0,005723437 0,2028837 0,2006523
0,005865068 0,2039384 0,2000753
0,005865068 0,2039384 0,2000753
0,006057129 0,202836 0,2006665
0,006536695 0,2026812 0,2009751
0,006924333 0,2023147 0,2009889
0,00756843 0,2014811 0,2013875
