-0,002761438 -0,1436138 0,244741
-0,001043804 -0,1460644 0,2452601
-0,001043804 -0,1460644 0,2452601
0,002694197 -0,1488202 0,2461949
0,008261766 -0,1523385 0,2479805
0,01820394 -0,1560812 0,2510317
0,03111424 -0,1584465 0,2542431
0,05084238 -0,1539283 0,2583781
0,05084238 -0,1539283 0,2583781
0,07366714 -0,1484689 0,2626124
0,09792026 -0,1388555 0,2653741
0,1227932 -0,1203019 0,2671967
0,1451751 -0,09947589 0,2671862
0,1451751 -0,09947589 0,2671862
0,1576053 -0,07024711 0,2597399
0,1637773 -0,04291557 0,2494552
0,1657445 -0,01446702 0,2387792
0,1558414 0,01032723 0,2269769
0,1422485 0,03197192 0,214885
0,1422485 0,03197192 0,214885
0,1165731 0,04450545 0,2020477
0,09216759 0,05690628 0,187195
0,06762957 0,06579897 0,173373
0,04146113 0,06856005 0,158535
0,01570849 0,06585076 0,1446877
0,01570849 0,06585076 0,1446877
-0,005637049 0,05255771 0,1345255
-0,02554766 0,0372085 0,1235025
-0,04381526 0,02291039 0,1178541
-0,05286822 0,000953421 0,1193613
-0,0546956 -0,02199491 0,1208802
-0,0546956 -0,02199491 0,1208802
-0,03652304 -0,03391528 0,1534337
-0,01821205 -0,0531577 0,1860554
0,01425794 -0,06684896 0,2269457
0,04649517 -0,08475471 0,2678218
0,0802576 -0,1045302 0,3066653
0,0802576 -0,1045302 0,3066653
0,1026128 -0,1024155 0,2997418
0,1172202 -0,1033294 0,3022258
0,1194056 -0,1012535 0,2983506
0,1198134 -0,1000891 0,2961983
0,1148526 -0,1038758 0,2919297
0,1148526 -0,1038758 0,2919297
0,1115444 -0,1063392 0,2918201
0,1092502 -0,1080118 0,291309
0,1084617 -0,1091305 0,2912747
0,107776 -0,1102178 0,2913038
0,107776 -0,1102178 0,2913038
0,1077316 -0,1118395 0,2919337
0,1080678 -0,1127047 0,292519
0,1082352 -0,1134457 0,2931522
0,1081463 -0,1146693 0,2938874
0,1080461 -0,1155313 0,2943568
0,1080461 -0,1155313 0,2943568
0,1075375 -0,1165452 0,29391
0,1066446 -0,1174644 0,2935904
0,1059133 -0,1181594 0,2930077
0,1049897 -0,1185625 0,2926392
0,104774 -0,1192077 0,2920817
0,104774 -0,1192077 0,2920817
0,1052375 -0,1194115 0,2919671
0,1055722 -0,1197755 0,2917462
0,1062436 -0,1195059 0,2915059
0,1070158 -0,11936 0,2912959
0,1071464 -0,1203786 0,2910106
0,1071464 -0,1203786 0,2910106
0,1066765 -0,1213377 0,2911166
0,1067488 -0,1216881 0,291084
0,1066838 -0,121928 0,2909918
0,1067538 -0,1218915 0,2908188
0,1068129 -0,1219437 0,2906628
0,1068129 -0,1219437 0,2906628
0,106878 -0,1219602 0,2905128
0,1068829 -0,1221289 0,2904844
0,1070611 -0,1221575 0,2906384
0,1072535 -0,1221396 0,2908377
0,1071038 -0,122489 0,290856
0,1071038 -0,122489 0,290856
0,1068126 -0,1231567 0,2910534
0,1066689 -0,1239344 0,2912026
0,1069664 -0,1245478 0,2916349
