0,185322 -0,1050262 0,1972563
0,185322 -0,1050262 0,1972563
0,1854934 -0,1047941 0,1974338
0,1856769 -0,1045975 0,1975431
0,1858462 -0,1037163 0,1980148
0,1859484 -0,1028156 0,1984722
0,1851464 -0,101823 0,1995752
0,1851464 -0,101823 0,1995752
0,1846215 -0,09910819 0,2007048
0,1838486 -0,09565589 0,2021809
0,1821793 -0,09040822 0,2044426
0,1801533 -0,0846048 0,2071987
0,177218 -0,07773116 0,2104338
0,177218 -0,07773116 0,2104338
0,1723209 -0,07021165 0,21259
0,1667452 -0,0635958 0,2149903
0,1603571 -0,05742542 0,2175188
0,1532623 -0,05098565 0,2186014
0,1459251 -0,04587513 0,2198311
0,1459251 -0,04587513 0,2198311
0,1366468 -0,04335976 0,221283
0,1278648 -0,04028198 0,2223991
0,117859 -0,04011607 0,2234546
0,1082641 -0,04114069 0,2238764
0,09503166 -0,04852073 0,2256082
0,09503166 -0,04852073 0,2256082
0,08387364 -0,0538611 0,2248417
0,07121858 -0,06209867 0,2241447
0,05923163 -0,07218853 0,2227011
0,04711756 -0,08260331 0,2210478
0,03462564 -0,09270674 0,2202159
0,03462564 -0,09270674 0,2202159
0,02084653 -0,1019559 0,2164203
0,007438374 -0,1115828 0,2108397
-0,006034485 -0,1210793 0,2074559
-0,02070473 -0,1296335 0,2035408
-0,02070473 -0,1296335 0,2035408
-0,03503856 -0,1387012 0,2003583
-0,0487173 -0,145522 0,1976391
-0,06093881 -0,1493333 0,1919699
-0,07462801 -0,1486043 0,1849046
-0,08698051 -0,1465006 0,1777938
-0,08698051 -0,1465006 0,1777938
-0,09376459 -0,1390155 0,1683557
-0,1021848 -0,1300511 0,165564
-0,1128134 -0,1205478 0,1645308
-0,1190776 -0,1087307 0,1662733
-0,1228574 -0,09558873 0,1665739
-0,1228574 -0,09558873 0,1665739
-0,1199808 -0,08435601 0,1666562
-0,1155962 -0,07655802 0,1694402
-0,1104703 -0,06775287 0,1711061
-0,1046091 -0,06070952 0,1741704
-0,09658592 -0,05682352 0,1773497
-0,09658592 -0,05682352 0,1773497
-0,08806049 -0,05590621 0,1821583
-0,07792475 -0,05612338 0,186613
-0,06719051 -0,06029871 0,1916833
-0,05417828 -0,0692324 0,196247
-0,04295872 -0,07714963 0,2010662
-0,04295872 -0,07714963 0,2010662
-0,03084088 -0,0886782 0,2045367
-0,01571882 -0,1029672 0,2079501
0,0009070481 -0,1191834 0,21165
0,0145938 -0,1291485 0,2178757
0,0145938 -0,1291485 0,2178757
0,02989813 -0,1370911 0,215943
0,04465021 -0,1474091 0,2210658
0,06161757 -0,1536288 0,2194579
0,07833265 -0,1583515 0,2149779
0,09351651 -0,1631151 0,2154033
0,09351651 -0,1631151 0,2154033
0,1065331 -0,1587768 0,2154475
0,1192811 -0,1555091 0,2157545
0,1302514 -0,1484958 0,2170687
0,1411869 -0,1408971 0,2177302
0,1489217 -0,1321652 0,2162662
0,1489217 -0,1321652 0,2162662
0,1552151 -0,1234991 0,213071
0,1600806 -0,1167286 0,2112162
0,1622211 -0,1124752 0,2100343
0,163732 -0,109087 0,2094373
0,1654176 -0,1058406 0,2085121
0,1654176 -0,1058406 0,2085121
0,1659058 -0,1059108 0,2070352
0,1664628 -0,1056563 0,2058415
0,1667278 -0,1058462 0,2054033
0,1669734 -0,1067628 0,2047744
0,1672043 -0,1076509 0,2039281
0,1672043 -0,1076509 0,2039281
0,1674392 -0,1084144 0,202753
0,1671464 -0,1095261 0,2020417
0,166504 -0,1107526 0,2016093
0,1657597 -0,1120315 0,2012657
0,1651766 -0,1127564 0,200684
0,1651766 -0,1127564 0,200684
0,1645717 -0,1130351 0,2002159
0,1637443 -0,1137471 0,1997241
0,1628573 -0,1143479 0,1992671
0,1620893 -0,1148256 0,1988853
0,1620893 -0,1148256 0,1988853
0,1615276 -0,1150854 0,1987139
0,1607483 -0,1155061 0,198621
0,1601527 -0,1159627 0,1983157
0,1596279 -0,1164228 0,1982923
0,1593826 -0,1167295 0,1981996
0,1593826 -0,1167295 0,1981996
0,1591619 -0,1171806 0,1981909
0,1589377 -0,1177107 0,1982931
0,1588703 -0,1182463 0,1983792
0,1588751 -0,1189175 0,1985055
0,1592233 -0,1193021 0,1985883
0,1592233 -0,1193021 0,1985883
0,1599433 -0,1193216 0,1985128
0,160484 -0,1195336 0,1985062
0,1611187 -0,1196715 0,1985508
0,1616689 -0,1196783 0,1985622
