0,01143309 -0,1187885 0,2482432
0,01259748 -0,1187265 0,2486126
0,01374535 -0,1189949 0,2491886
0,01374535 -0,1189949 0,2491886
0,01626224 -0,1180518 0,2509804
0,01909128 -0,1158152 0,2525725
0,02235886 -0,1128657 0,253874
0,02541116 -0,1080438 0,2554201
0,02813591 -0,1031441 0,2571858
0,02813591 -0,1031441 0,2571858
0,02920131 -0,09688985 0,2598222
0,0302477 -0,08958548 0,2617281
0,02915934 -0,08360049 0,2642942
0,02773032 -0,07854572 0,2661216
0,0250251 -0,07286409 0,2689805
0,0250251 -0,07286409 0,2689805
0,01853706 -0,07140398 0,2713672
0,01179824 -0,07125229 0,271037
0,004576622 -0,07153365 0,2697088
-0,004238987 -0,07609236 0,2681465
-0,01560179 -0,08290136 0,2656799
-0,01560179 -0,08290136 0,2656799
-0,02654035 -0,09399906 0,2589341
-0,03863032 -0,1063606 0,2521787
-0,04999989 -0,1187469 0,2424525
-0,06358229 -0,131859 0,2332592
-0,06358229 -0,131859 0,2332592
-0,07310922 -0,1457915 0,2243068
-0,08551342 -0,1550943 0,2156181
-0,0992502 -0,1631195 0,2088464
-0,1078176 -0,1628301 0,1939795
-0,1142911 -0,1538608 0,1750057
-0,1142911 -0,1538608 0,1750057
-0,1261104 -0,1379562 0,1758209
-0,1369102 -0,1185706 0,1725301
-0,1400053 -0,09790735 0,1711915
-0,1367834 -0,07543811 0,1699588
-0,1333152 -0,05398701 0,171172
-0,1333152 -0,05398701 0,171172
-0,1239656 -0,0383442 0,1757949
-0,1116157 -0,02664922 0,1812425
-0,09725714 -0,01841323 0,1851291
-0,0848792 -0,008010954 0,1879025
-0,07131839 -0,002907798 0,1907313
-0,07131839 -0,002907798 0,1907313
-0,06173316 -0,007076293 0,197634
-0,04926643 -0,0146962 0,2036471
-0,03803062 -0,02300504 0,2097408
-0,02784263 -0,0318443 0,2152697
-0,01923833 -0,04666717 0,2227597
-0,01923833 -0,04666717 0,2227597
-0,002651183 -0,07445639 0,2260429
0,01318765 -0,1019313 0,2318103
0,03166226 -0,1215298 0,2355374
0,0494379 -0,1338855 0,2367041
0,06519865 -0,1462318 0,2423204
0,06519865 -0,1462318 0,2423204
0,08857603 -0,1400339 0,2393498
0,1032971 -0,1374255 0,2405269
0,1157736 -0,1313306 0,2410396
0,1287949 -0,1260244 0,2419594
0,1287949 -0,1260244 0,2419594
0,1279738 -0,1053219 0,2376867
0,1291996 -0,09227577 0,2354688
0,1287496 -0,08031677 0,2329783
0,12614 -0,06998688 0,2321088
0,1227375 -0,0613441 0,2302669
0,1227375 -0,0613441 0,2302669
0,1167842 -0,05743116 0,2279884
0,1108032 -0,054029 0,2267128
0,104095 -0,05492534 0,2253667
0,09770779 -0,05635293 0,2235481
0,09163699 -0,05905139 0,2219828
0,09163699 -0,05905139 0,2219828
0,08626772 -0,06499058 0,2208815
0,08153814 -0,06879438 0,2206075
0,07702775 -0,07325071 0,2207628
0,07321493 -0,07716145 0,2209197
0,07055397 -0,08010638 0,2212431
0,07055397 -0,08010638 0,2212431
0,06895517 -0,08183837 0,2216393
0,06708575 -0,08343953 0,2219068
0,06549977 -0,08485158 0,2223782
0,06374332 -0,08661199 0,2231332
0,06253914 -0,0871004 0,2238643
0,06253914 -0,0871004 0,2238643
0,06183721 -0,08642301 0,2243123
0,06091676 -0,08599237 0,2248732
0,06000866 -0,08548187 0,225362
0,05914159 -0,08508781 0,2256271
0,05858976 -0,08401042 0,2253945
0,05858976 -0,08401042 0,2253945
0,05808251 -0,08330803 0,2253784
0,05770466 -0,08233911 0,2253753
0,05740151 -0,08207035 0,2253624
0,05721945 -0,08150533 0,225118
0,05721945 -0,08150533 0,225118
0,05709036 -0,08154851 0,2250231
0,05700896 -0,08158894 0,2249421
0,05701589 -0,081637 0,2248357
0,05703327 -0,08163525 0,2247456
0,05703741 -0,08171856 0,2245752
0,05703741 -0,08171856 0,2245752
0,05714695 -0,08171272 0,2245363
0,05716382 -0,08191705 0,2245649
0,05730566 -0,08212644 0,2244935
0,05758595 -0,08205722 0,2243805
0,05776473 -0,08202456 0,2242314
0,05776473 -0,08202456 0,2242314
0,05785169 -0,08212212 0,2242239
0,0580163 -0,08204307 0,2240961
0,05824532 -0,08191593 0,2240038
0,05836818 -0,08192177 0,2238565
0,05855808 -0,08180043 0,2237635
0,05855808 -0,08180043 0,2237635
0,05852356 -0,08190195 0,2236491
0,05862651 -0,08198297 0,2234999
0,05874345 -0,08199388 0,2233739
0,05894792 -0,08201459 0,2232064
0,0590684 -0,08204983 0,2230831
0,0590684 -0,08204983 0,2230831
0,05921921 -0,08202279 0,2229446
0,05934332 -0,08215386 0,2228422
0,05941017 -0,08235425 0,2227297
0,05952904 -0,08259514 0,2226103
0,05962593 -0,08282083 0,2225172
0,05962593 -0,08282083 0,2225172
0,05973531 -0,08299418 0,222494
0,05986146 -0,08315453 0,2224536
0,0599722 -0,08338661 0,2224466
0,0602266 -0,08335717 0,2223093
0,0602266 -0,08335717 0,2223093
0,06041093 -0,08343673 0,2222761
0,06065565 -0,08334827 0,2221826
0,0608388 -0,0832967 0,2221578
0,0609237 -0,08347407 0,2221163
0,06102863 -0,0836056 0,2220465
0,06102863 -0,0836056 0,2220465
0,06119908 -0,08375421 0,2219754
0,06133484 -0,08397707 0,221927
0,06145704 -0,08415346 0,2218662
0,06152427 -0,08443108 0,2218683
0,06169034 -0,08453491 0,2217865
0,06169034 -0,08453491 0,2217865
0,06193805 -0,08482635 0,2217089
0,06213025 -0,08509794 0,2216646
0,06231349 -0,08527613 0,2215686
0,06243708 -0,08556476 0,2215178
0,06261817 -0,08580916 0,2214195
0,06261817 -0,08580916 0,2214195
0,06282098 -0,08600122 0,2213784
0,06293244 -0,08629525 0,2213484
0,0630573 -0,0865202 0,2213105
0,06316099 -0,08677658 0,2213447
0,06335694 -0,0867987 0,2212879
0,06335694 -0,0867987 0,2212879
0,06370131 -0,08684884 0,2211662
0,06388018 -0,08694048 0,2211367
0,06403774 -0,0871014 0,2211657
0,06406946 -0,08731246 0,2211284
0,06424619 -0,0875228 0,2210681
0,06424619 -0,0875228 0,2210681
