0,1851201 -0,1091733 0,1787518
0,1857837 -0,1081744 0,1808827
0,1861824 -0,1063703 0,1816683
0,1863828 -0,1034373 0,1835947
0,1849669 -0,09693962 0,1869122
0,1849669 -0,09693962 0,1869122
0,181594 -0,0878447 0,1907362
0,1779286 -0,07795286 0,1944236
0,1717283 -0,06918788 0,1981078
0,1649484 -0,06082956 0,201011
0,1565711 -0,05395234 0,2037817
0,1565711 -0,05395234 0,2037817
0,1461078 -0,04942459 0,206154
0,1361556 -0,04414058 0,2079421
0,1259356 -0,04047345 0,2090029
0,1148155 -0,03931721 0,2112838
0,1027993 -0,04049085 0,2127925
0,1027993 -0,04049085 0,2127925
0,09055462 -0,04502644 0,2140609
0,07767852 -0,05090016 0,2151696
0,06495174 -0,05916421 0,2144473
0,05093573 -0,06803814 0,2137787
0,03697088 -0,0823938 0,2132916
0,03697088 -0,0823938 0,2132916
0,02259894 -0,09192908 0,2095013
0,008366148 -0,104733 0,2053883
-0,006845167 -0,1176132 0,201253
-0,02298202 -0,129014 0,1981776
-0,03819191 -0,1406721 0,1938341
-0,03819191 -0,1406721 0,1938341
-0,05084256 -0,1474833 0,1901383
-0,06479774 -0,1501517 0,1851641
-0,07848594 -0,1509279 0,1797842
-0,08736224 -0,1447219 0,1682654
-0,09337611 -0,1376619 0,1599791
-0,09337611 -0,1376619 0,1599791
-0,1035915 -0,1233001 0,1625105
-0,1102289 -0,110743 0,162204
-0,1131758 -0,09537199 0,1641478
-0,1141758 -0,07975361 0,1645559
-0,1141758 -0,07975361 0,1645559
-0,1069825 -0,06526084 0,1661332
-0,09984246 -0,05152012 0,1668609
-0,08813398 -0,04201117 0,1712384
-0,07922604 -0,036074 0,1758787
-0,06633046 -0,03304109 0,1807269
-0,06633046 -0,03304109 0,1807269
-0,05370006 -0,03272982 0,1848978
-0,04127616 -0,03327727 0,1892605
-0,02947799 -0,0380442 0,193781
-0,01722082 -0,04604024 0,1990711
-0,00546973 -0,05539513 0,2013739
-0,00546973 -0,05539513 0,2013739
0,005671267 -0,0674745 0,2046676
0,01832676 -0,08274725 0,2059218
0,02892129 -0,0968425 0,207626
0,03892336 -0,1120822 0,2105922
0,05051662 -0,126507 0,2078069
0,05051662 -0,126507 0,2078069
0,06481671 -0,1387684 0,2021072
0,07637046 -0,1532078 0,2006963
0,08826548 -0,1632529 0,1993775
0,1007041 -0,1716936 0,1967603
0,1124827 -0,1764674 0,193562
0,1124827 -0,1764674 0,193562
0,1221461 -0,1669272 0,1927292
0,1345392 -0,1606838 0,1908441
0,1450893 -0,1500916 0,1923738
0,1559273 -0,1375879 0,1914835
0,1559273 -0,1375879 0,1914835
0,1627851 -0,1247609 0,190238
0,1687269 -0,113357 0,1895104
0,1715447 -0,104467 0,1892426
0,1742716 -0,09602366 0,1881747
0,1739893 -0,09111303 0,1890419
0,1739893 -0,09111303 0,1890419
0,173618 -0,08762857 0,189224
0,173829 -0,083689 0,1890473
0,1737808 -0,08095011 0,1884549
0,1733931 -0,07873854 0,188049
0,1729423 -0,07748173 0,1877225
0,1729423 -0,07748173 0,1877225
0,172297 -0,07749441 0,1873198
0,171423 -0,07778397 0,1867827
0,1708459 -0,07794318 0,1861333
0,1699489 -0,0788517 0,185502
0,1691303 -0,07970402 0,1850304
0,1691303 -0,07970402 0,1850304
0,1680231 -0,08109662 0,1846622
0,1670611 -0,08217441 0,1842205
0,1660883 -0,08319676 0,1838692
0,1652361 -0,08427352 0,1835485
0,1647218 -0,08475466 0,1832394
0,1647218 -0,08475466 0,1832394
0,1641905 -0,08533457 0,1832972
0,163727 -0,08587033 0,1832868
0,1632215 -0,08630151 0,183242
0,1628348 -0,08651036 0,1831753
0,1624674 -0,08681718 0,1832366
0,1624674 -0,08681718 0,1832366
0,162163 -0,08685629 0,1835771
0,1619127 -0,08693483 0,1835848
0,1615756 -0,08711985 0,1837039
0,1614745 -0,08712211 0,1836993
0,1613116 -0,08716249 0,1837436
0,1613116 -0,08716249 0,1837436
0,1611592 -0,08727092 0,1837391
0,1610501 -0,08740523 0,1836322
0,160944 -0,08760308 0,1836645
0,1609264 -0,08779214 0,1834648
0,1609264 -0,08779214 0,1834648
0,1610144 -0,08803028 0,1834023
0,1611723 -0,08829077 0,1832425
0,1613198 -0,08869946 0,1831023
0,1614647 -0,08908699 0,1829653
0,1612694 -0,08999339 0,1832875
0,1612694 -0,08999339 0,1832875
0,1613818 -0,09058967 0,1834514
0,1616057 -0,09095466 0,183429
0,161707 -0,0912765 0,1833765
0,1616866 -0,09163082 0,1833941
0,1616441 -0,09192601 0,1832974
0,1616441 -0,09192601 0,1832974
0,1616492 -0,09209557 0,1832394
0,1616951 -0,09221633 0,1831438
0,1616133 -0,09240292 0,1831379
0,161614 -0,0924436 0,1829722
0,1616445 -0,09255514 0,1827211
0,1616445 -0,09255514 0,1827211
0,1617787 -0,09279861 0,1826095
0,1618775 -0,09330374 0,1825625
0,1619347 -0,09383217 0,1826297
0,1618754 -0,09434557 0,1827785
0,1619771 -0,09470814 0,1828401
0,1619771 -0,09470814 0,1828401
0,1620831 -0,09464541 0,1828392
0,1621832 -0,09481445 0,1827061
0,1621608 -0,09505951 0,182742
