0,1438786 -0,1078591 0,1866751
0,1434317 -0,1029074 0,188448
0,1416436 -0,09741655 0,1912238
0,1379159 -0,08890437 0,1950814
0,1379159 -0,08890437 0,1950814
0,1336035 -0,07981861 0,1974714
0,1280859 -0,07262956 0,2000832
0,1216719 -0,06631182 0,2025653
0,114561 -0,06019688 0,2057101
0,114561 -0,06019688 0,2057101
0,1073188 -0,05289328 0,2070528
0,09840276 -0,04771605 0,2089227
0,08753714 -0,04688996 0,2113164
0,07614615 -0,04645401 0,2130248
0,0635344 -0,04980606 0,2140228
0,0635344 -0,04980606 0,2140228
0,05033061 -0,05413084 0,2135201
0,03652389 -0,06062801 0,2135865
0,02295397 -0,06844911 0,2121016
0,006213962 -0,07974221 0,2102955
-0,008835251 -0,08893198 0,2073242
-0,008835251 -0,08893198 0,2073242
-0,02364667 -0,103802 0,1999646
-0,03973873 -0,1149502 0,1943054
-0,05564264 -0,1285178 0,1879507
-0,06849852 -0,1413714 0,184159
-0,08221997 -0,1496463 0,1787663
-0,08221997 -0,1496463 0,1787663
-0,1012045 -0,152527 0,1723017
-0,1150158 -0,1538972 0,1609532
-0,1232743 -0,1431516 0,1460873
-0,1363598 -0,1376668 0,1417266
-0,1496992 -0,1243926 0,1426707
-0,1496992 -0,1243926 0,1426707
-0,1541584 -0,1095247 0,1429905
-0,1572898 -0,0926865 0,141524
-0,1535963 -0,0783916 0,1449295
-0,1487012 -0,06244414 0,1459042
-0,1487012 -0,06244414 0,1459042
-0,1396353 -0,05414392 0,1549324
-0,1287455 -0,04495026 0,1602434
-0,1163256 -0,03890136 0,1656357
-0,1034794 -0,03271645 0,1705582
-0,08995711 -0,03132716 0,175714
-0,08995711 -0,03132716 0,175714
-0,07611283 -0,03268915 0,1819891
-0,06226821 -0,03469384 0,1885078
-0,04824132 -0,03986371 0,1947533
-0,03406079 -0,04763889 0,1999126
-0,01984865 -0,05670138 0,2051518
-0,01984865 -0,05670138 0,2051518
-0,003678152 -0,07200339 0,2061753
0,01412299 -0,08956191 0,205184
0,03173159 -0,1041598 0,2041633
0,04637527 -0,1211294 0,2056978
0,06173804 -0,1360523 0,2126395
0,06173804 -0,1360523 0,2126395
0,08066049 -0,1453977 0,2152753
0,0977066 -0,1543812 0,2141486
0,1154658 -0,156174 0,2026189
0,1334563 -0,1565774 0,1944626
0,1497941 -0,1519164 0,1954359
0,1497941 -0,1519164 0,1954359
0,162409 -0,1455785 0,1954456
0,1759691 -0,1397433 0,1944755
0,1852829 -0,1322979 0,1925957
0,1922113 -0,1225484 0,1890079
0,1993041 -0,1140951 0,1866081
0,1993041 -0,1140951 0,1866081
0,2013897 -0,1075693 0,1841211
0,2043699 -0,1012298 0,182238
0,2050171 -0,09727845 0,1812857
0,2059492 -0,09339286 0,1798059
0,2059492 -0,09339286 0,1798059
0,205341 -0,09183624 0,1787125
0,2046099 -0,09055284 0,1780327
0,2044842 -0,08887208 0,177374
0,2036814 -0,08801785 0,1774494
0,2017595 -0,08803743 0,1782106
0,2017595 -0,08803743 0,1782106
0,2002872 -0,08827993 0,1776491
0,1989065 -0,08833304 0,1774252
0,1971457 -0,08874092 0,1777267
0,1954779 -0,0890069 0,1778977
0,1940071 -0,08972996 0,1774348
0,1940071 -0,08972996 0,1774348
0,1919305 -0,09105414 0,1772092
0,1904067 -0,0918262 0,1769146
0,1894136 -0,09220889 0,1765092
0,1882741 -0,09277081 0,176348
0,1865782 -0,09357923 0,1765124
0,1865782 -0,09357923 0,1765124
0,1854123 -0,09465966 0,1763763
0,1837649 -0,0958578 0,1765654
0,1828527 -0,09677818 0,1762328
0,1825346 -0,09722848 0,1760075
0,1820614 -0,09774393 0,1758901
0,1820614 -0,09774393 0,1758901
0,1818012 -0,09804472 0,1756623
0,1815764 -0,09847978 0,175514
0,1816395 -0,09886223 0,1752027
0,1819494 -0,09910211 0,1748683
0,1821849 -0,09967068 0,1750198
0,1821849 -0,09967068 0,1750198
0,1823751 -0,1000784 0,1753217
0,1826981 -0,1004907 0,1753601
0,1829545 -0,1012316 0,1753574
0,1831743 -0,1018684 0,1752648
0,1831743 -0,1018684 0,1752648
0,183263 -0,1025741 0,1752921
0,183438 -0,1031505 0,1751949
