0,03183847 -0,1387234 0,2569332
0,03183847 -0,1387234 0,2569332
0,03154111 -0,1417818 0,2562842
0,0321256 -0,1458004 0,2560104
0,03352022 -0,1504409 0,256587
0,03803171 -0,1550972 0,2574391
0,04498025 -0,1586784 0,2596908
0,04498025 -0,1586784 0,2596908
0,06097036 -0,1609737 0,2642601
0,07924869 -0,1616902 0,2685986
0,09854424 -0,1589975 0,2728286
0,1227781 -0,1464067 0,2763401
0,1472854 -0,13023 0,2794393
0,1472854 -0,13023 0,2794393
0,1640628 -0,1046935 0,2763901
0,1749504 -0,07712334 0,2694972
0,1807617 -0,05027592 0,2619448
0,1736227 -0,02396145 0,2522884
0,1736227 -0,02396145 0,2522884
0,1551026 -0,004365593 0,2410127
0,1369236 0,01458468 0,2304797
0,1130254 0,03030783 0,2163005
0,08889038 0,04343221 0,202283
0,06229673 0,05155544 0,1895895
0,06229673 0,05155544 0,1895895
0,035854 0,05049351 0,1746664
0,01088075 0,05053418 0,1614844
-0,01032483 0,04023403 0,1493776
-0,02813982 0,03205812 0,1380406
-0,04093298 0,01536957 0,1340781
-0,04093298 0,01536957 0,1340781
-0,03945081 -0,00409779 0,1387262
-0,0323752 -0,02028652 0,1518285
-0,01975445 -0,03474562 0,1723364
0,006862271 -0,0491062 0,2078694
0,03981899 -0,06006806 0,2459856
0,03981899 -0,06006806 0,2459856
0,07791448 -0,08078685 0,2823351
0,1160991 -0,09637347 0,3044993
0,1453596 -0,104516 0,3155694
0,16156 -0,09879166 0,3121457
0,174625 -0,09272921 0,3093744
0,174625 -0,09272921 0,3093744
0,1684484 -0,09150454 0,3045898
0,1655478 -0,09371164 0,3026299
0,1627252 -0,09703282 0,3015383
0,162437 -0,09833896 0,3014344
0,1614504 -0,1006211 0,3010718
0,1614504 -0,1006211 0,3010718
0,1620431 -0,1019449 0,3010351
0,1641049 -0,1015285 0,3005619
0,165669 -0,1015811 0,300638
0,1670399 -0,1018482 0,3007101
0,1670399 -0,1018482 0,3007101
0,1692079 -0,1015413 0,3007306
0,1714502 -0,1010136 0,3011388
0,1719705 -0,1016647 0,3015026
0,1719552 -0,1026987 0,3013282
0,1715376 -0,1036782 0,301099
0,1715376 -0,1036782 0,301099
0,171588 -0,1039382 0,3007185
0,1715023 -0,1046455 0,3003015
0,1718926 -0,1051785 0,2999896
0,1724194 -0,1058203 0,2994582
0,1738535 -0,1055871 0,2995414
0,1738535 -0,1055871 0,2995414
0,1743266 -0,1057465 0,2997393
0,1745759 -0,1062207 0,2999206
0,1743455 -0,1069624 0,2999157
0,1740986 -0,1074331 0,3001758
0,1736628 -0,1079631 0,3000159
0,1736628 -0,1079631 0,3000159
0,1725324 -0,1086589 0,2999263
0,1714559 -0,1092085 0,2998587
0,1703636 -0,1097147 0,2997923
0,1695845 -0,1102736 0,2998092
0,1687166 -0,1108925 0,2997549
0,1687166 -0,1108925 0,2997549
0,1683483 -0,1110491 0,2998307
0,1677115 -0,1114692 0,2999127
0,1672178 -0,1117499 0,2999102
0,1668072 -0,1119675 0,2999895
0,1664541 -0,1123 0,3001136
0,1664541 -0,1123 0,3001136
0,1665416 -0,1122989 0,300118
0,1662497 -0,1129844 0,300231
0,166082 -0,1137531 0,300383
0,166182 -0,1143812 0,3004232
0,166182 -0,1143812 0,3004232
0,1666547 -0,1143522 0,3004967
0,1671531 -0,1142425 0,3005038
0,1673556 -0,1142746 0,3006009
0,1674016 -0,114603 0,3008012
0,1673803 -0,1148431 0,3009692
0,1673803 -0,1148431 0,3009692
0,1670455 -0,1153302 0,3009486
0,1666982 -0,1157009 0,3010444
