0,1353396 -0,1245603 0,2452438
0,1359781 -0,121799 0,2465063
0,1357624 -0,1184011 0,2474681
0,1355432 -0,112971 0,249117
0,1354337 -0,1035566 0,2504621
0,1354337 -0,1035566 0,2504621
0,1348704 -0,09200233 0,2517543
0,1334642 -0,08083004 0,2534715
0,1305499 -0,07072359 0,2553465
0,1271658 -0,06181151 0,2562778
0,1221352 -0,0544804 0,2575079
0,1221352 -0,0544804 0,2575079
0,1143097 -0,05021629 0,2595973
0,107279 -0,04610983 0,2614475
0,1004537 -0,04097119 0,2636033
0,09262114 -0,04060844 0,2640134
0,08388237 -0,04121062 0,2650243
0,08388237 -0,04121062 0,2650243
0,07275077 -0,04773468 0,2647145
0,06062976 -0,05496868 0,2642124
0,04900466 -0,0641793 0,2634456
0,03591882 -0,07654369 0,2632051
0,02365444 -0,08816814 0,2616637
0,02365444 -0,08816814 0,2616637
0,009640313 -0,1014907 0,2581728
-0,003494143 -0,1143326 0,2528667
-0,01582518 -0,1251807 0,2467929
-0,03243155 -0,1358417 0,2417799
-0,03243155 -0,1358417 0,2417799
-0,04348236 -0,1450416 0,2390726
-0,05610274 -0,152488 0,2359852
-0,06805234 -0,1543949 0,2322904
-0,08091833 -0,1538197 0,2304038
-0,08987566 -0,1451722 0,2209731
-0,08987566 -0,1451722 0,2209731
-0,09780303 -0,1344535 0,2181769
-0,104499 -0,1227086 0,2175671
-0,1106557 -0,1107193 0,2184394
-0,1130238 -0,09690937 0,2213687
-0,1142942 -0,08138627 0,2221447
-0,1142942 -0,08138627 0,2221447
-0,1074288 -0,06735504 0,2226347
-0,1016981 -0,05412532 0,2254062
-0,09582052 -0,04233024 0,2285488
-0,08695389 -0,03247687 0,2333278
-0,0771825 -0,02395432 0,237343
-0,0771825 -0,02395432 0,237343
-0,06570312 -0,02146208 0,2416528
-0,05415297 -0,019787 0,2452695
-0,04241241 -0,02002174 0,2491965
-0,03141714 -0,0251914 0,253609
-0,02077405 -0,03148207 0,2568771
-0,02077405 -0,03148207 0,2568771
-0,009504621 -0,04284605 0,2594209
0,001596242 -0,05676171 0,2612674
0,012771 -0,07144547 0,2615075
0,02379824 -0,08781755 0,261454
0,02379824 -0,08781755 0,261454
0,03466646 -0,1036384 0,2613804
0,046843 -0,1188797 0,2603757
0,06130986 -0,1326132 0,2581425
0,07543897 -0,1453977 0,2543466
0,08839062 -0,1545223 0,2530474
0,08839062 -0,1545223 0,2530474
0,1015471 -0,1611888 0,2506875
0,11337 -0,1632327 0,2508268
0,1262994 -0,1594838 0,2522363
0,1395802 -0,1526949 0,2526572
0,15282 -0,142357 0,2508548
0,15282 -0,142357 0,2508548
0,1596983 -0,1287864 0,2484693
0,1648356 -0,1167762 0,2477255
0,1686544 -0,1052293 0,2464277
0,1678186 -0,09585758 0,2466141
0,1683938 -0,08543308 0,2442462
0,1683938 -0,08543308 0,2442462
0,1658929 -0,07921615 0,2438632
0,164484 -0,07299031 0,2437935
0,1626203 -0,06830934 0,2438576
0,1621899 -0,06430793 0,2431017
0,1613604 -0,06121011 0,2422476
0,1613604 -0,06121011 0,2422476
0,1607201 -0,06033336 0,2413402
0,1597912 -0,06015682 0,2408893
0,158951 -0,06042255 0,2404887
0,1579715 -0,06203282 0,2403495
0,1570124 -0,06319728 0,240159
0,1570124 -0,06319728 0,240159
0,1561169 -0,06572457 0,2397159
0,1550176 -0,06832078 0,2391261
0,1541852 -0,07044657 0,2387589
0,153355 -0,07278883 0,2386928
0,153355 -0,07278883 0,2386928
0,1522203 -0,07529175 0,2385886
0,1513788 -0,0776007 0,2385301
0,150795 -0,07960916 0,2384209
0,1514769 -0,07907885 0,2375488
0,152002 -0,07866073 0,2368303
0,152002 -0,07866073 0,2368303
0,1512233 -0,08003823 0,2373355
0,151006 -0,08064204 0,2372024
0,1506076 -0,08135641 0,2372694
0,1502357 -0,08200595 0,2373015
0,1498685 -0,08269788 0,2372492
0,1498685 -0,08269788 0,2372492
0,1493125 -0,08346918 0,2372734
0,1488821 -0,08412379 0,2372118
0,1485481 -0,08464284 0,2372029
0,1481061 -0,08529028 0,2372416
0,1477821 -0,08576679 0,237312
0,1477821 -0,08576679 0,237312
0,1473885 -0,08615553 0,2374343
0,1468461 -0,08654767 0,2376219
