0,08102957 -0,1437643 0,2615628
0,08105332 -0,145728 0,2614353
0,08135126 -0,1476367 0,2613548
0,08135126 -0,1476367 0,2613548
0,08383015 -0,1500269 0,2612287
0,08814047 -0,1513948 0,2613266
0,09358005 -0,1523608 0,2619638
0,1044829 -0,1496675 0,2632958
0,1157086 -0,1455828 0,2645933
0,1157086 -0,1455828 0,2645933
0,1298347 -0,1334658 0,2680846
0,1449805 -0,1164545 0,2712848
0,1588757 -0,09535658 0,2732917
0,1704364 -0,07168576 0,2749193
0,1716957 -0,04425213 0,2710459
0,1716957 -0,04425213 0,2710459
0,1654424 -0,01532781 0,2613835
0,1562715 0,01209556 0,2501753
0,1380716 0,03270231 0,2388215
0,1187832 0,05165896 0,2276065
0,09322275 0,06574713 0,2153094
0,09322275 0,06574713 0,2153094
0,0655447 0,07044341 0,1992649
0,0394833 0,07996491 0,1846185
0,01316489 0,07316785 0,1696296
-0,00828089 0,07154801 0,1536496
-0,02956567 0,06084865 0,1428611
-0,02956567 0,06084865 0,1428611
-0,04285909 0,04194057 0,1391201
-0,05805406 0,02583495 0,1337517
-0,06113975 0,008195981 0,1372742
-0,0525846 -0,01405799 0,153825
-0,0525846 -0,01405799 0,153825
-0,03508569 -0,02911153 0,1871848
-0,01055392 -0,04361296 0,2234288
0,01822353 -0,05933878 0,2595626
0,05319253 -0,07830039 0,2976812
0,08422005 -0,09688774 0,3195727
0,08422005 -0,09688774 0,3195727
0,096293 -0,09244934 0,3129425
0,1117908 -0,09495687 0,3153411
0,1028759 -0,09266502 0,3057596
0,1027893 -0,09556198 0,3032452
0,09993389 -0,09908721 0,3027466
0,09993389 -0,09908721 0,3027466
0,1008957 -0,09997082 0,3027484
0,1022394 -0,1000246 0,3028347
0,1020413 -0,1042571 0,3032074
0,1036347 -0,1040584 0,3036443
0,1054105 -0,1025608 0,3040029
0,1054105 -0,1025608 0,3040029
0,1051085 -0,1054436 0,3043348
0,1060922 -0,1056931 0,3046452
0,1068708 -0,105535 0,3050919
0,1066879 -0,1071702 0,3055083
0,1064322 -0,1088555 0,305432
0,1064322 -0,1088555 0,305432
0,1072452 -0,1091476 0,3054762
0,1083705 -0,1088413 0,3054301
0,1096443 -0,1091454 0,3055934
0,1105263 -0,1099209 0,3054449
0,1105263 -0,1099209 0,3054449
0,1116855 -0,109498 0,3055378
0,1124048 -0,1093275 0,3055131
0,1132063 -0,1093181 0,305436
0,1132317 -0,1101626 0,3052906
0,1139938 -0,1102178 0,3050577
0,1139938 -0,1102178 0,3050577
0,1146259 -0,1104099 0,304974
0,1152875 -0,1104317 0,3048923
0,1157739 -0,1103806 0,3049326
0,1162964 -0,1100955 0,3049013
0,1163738 -0,1100944 0,3053702
0,1163738 -0,1100944 0,3053702
0,1167012 -0,1099932 0,305868
0,1174583 -0,1100603 0,3059585
0,117848 -0,1112236 0,3054503
0,1182524 -0,1135727 0,3043712
0,119041 -0,1162486 0,3034932
0,119041 -0,1162486 0,3034932
0,1215486 -0,1149577 0,3017924
0,1224243 -0,1143416 0,3008121
0,1217534 -0,115354 0,2998015
0,1204112 -0,1175444 0,2983309
0,1192548 -0,1185296 0,2967458
0,1192548 -0,1185296 0,2967458
0,1189479 -0,1179604 0,29548
