0,03412633 -0,1870344 0,2072573
0,03533017 -0,1834691 0,2054116
0,03637106 -0,1793915 0,2038852
0,03799321 -0,1735023 0,1990355
0,03853907 -0,166024 0,1933141
0,03853907 -0,166024 0,1933141
0,03857728 -0,1593743 0,1908418
0,03843729 -0,1543109 0,1882253
0,03814968 -0,1511678 0,186202
0,03759556 -0,1486781 0,1837697
0,03665192 -0,1463299 0,1808224
0,03665192 -0,1463299 0,1808224
0,03446499 -0,146708 0,1803661
0,03264928 -0,1496414 0,1794197
0,029998 -0,1537908 0,1804123
0,02701045 -0,1598968 0,1815963
0,02381001 -0,1678755 0,1846799
0,02381001 -0,1678755 0,1846799
0,01947499 -0,1794332 0,1912196
0,01475659 -0,1888078 0,1972469
0,01004608 -0,1980632 0,2042054
0,004570615 -0,2062214 0,2152705
-0,0003418425 -0,2090764 0,2234089
-0,0003418425 -0,2090764 0,2234089
-0,001518583 -0,1976704 0,2324834
-0,005088152 -0,1800945 0,2382671
-0,007748201 -0,1553195 0,2454727
-0,01075417 -0,116982 0,2500079
-0,01316101 -0,07958409 0,2564865
-0,01316101 -0,07958409 0,2564865
-0,0101716 -0,03329983 0,2546495
-0,007773237 0,01112126 0,2505875
-0,00458685 0,04549217 0,2468387
-0,002073212 0,0849826 0,2414798
-0,002073212 0,0849826 0,2414798
0,0003456834 0,1158695 0,2342517
0,002137828 0,1447921 0,2256402
0,004318057 0,1737916 0,2143107
0,005086716 0,1948551 0,2040608
0,005133347 0,2100521 0,1955519
0,005133347 0,2100521 0,1955519
0,003514887 0,2199413 0,1899858
0,003380385 0,2275915 0,182089
0,002967076 0,2384212 0,1786772
4,54687E-05 0,2428059 0,1759205
-0,001254475 0,2391456 0,176511
-0,001254475 0,2391456 0,176511
-0,002774084 0,2332175 0,1771382
-0,003020916 0,2300114 0,1769688
-0,004050002 0,2298537 0,177278
-0,005169882 0,2316144 0,1775133
-0,006060248 0,2325266 0,1775918
-0,006060248 0,2325266 0,1775918
-0,006338513 0,2292691 0,1789668
-0,006749741 0,2264358 0,1803844
-0,006623491 0,2219395 0,1813843
-0,006680571 0,2203197 0,1822881
-0,006730636 0,217334 0,1834453
-0,006730636 0,217334 0,1834453
-0,007433057 0,2164697 0,1836202
-0,007725706 0,2167666 0,1837213
-0,008370875 0,217635 0,184104
-0,008729764 0,2171575 0,1841299
-0,008729764 0,2171575 0,1841299
-0,009168415 0,2165934 0,1848627
-0,009448556 0,2162679 0,185485
-0,009704567 0,2160653 0,185524
-0,009808701 0,2171627 0,1855474
-0,009875005 0,2190321 0,1853411
-0,009875005 0,2190321 0,1853411
-0,009615942 0,2185013 0,1855299
-0,009458998 0,2187969 0,1855847
-0,009328939 0,21904 0,1858493
-0,008981538 0,2183849 0,1866669
-0,008613929 0,2161309 0,1871426
-0,008613929 0,2161309 0,1871426
-0,008324512 0,2151083 0,1879166
-0,007971397 0,2126416 0,1886204
-0,007619227 0,2104728 0,1893585
-0,007201425 0,208638 0,1901145
-0,006483769 0,2085444 0,1903837
-0,006483769 0,2085444 0,1903837
-0,006658885 0,2087346 0,1907207
-0,006472812 0,207711 0,1910716
-0,006323564 0,2075057 0,1910152
-0,006211759 0,20742 0,1914006
-0,005721091 0,2074547 0,1914846
-0,005721091 0,2074547 0,1914846
-0,00589482 0,2087947 0,1911006
-0,005854361 0,207764 0,1918049
-0,005849679 0,2060075 0,1927481
-0,005606926 0,2038313 0,1936604
-0,005613892 0,2019786 0,1946528
-0,005613892 0,2019786 0,1946528
-0,004914863 0,2005937 0,1954639
-0,004422562 0,2000359 0,1959009
-0,00382413 0,2003201 0,1957689
-0,003370033 0,199815 0,1962972
-0,003370033 0,199815 0,1962972
-0,002855731 0,2017441 0,1962622
-0,002743891 0,2025368 0,1967259
-0,002701613 0,20255 0,1974268
-0,002375989 0,2017547 0,1981297
-0,002256658 0,1999283 0,1993847
-0,002256658 0,1999283 0,1993847
-0,001910344 0,1976428 0,199835
-0,001653644 0,1960954 0,2006263
-0,001083527 0,1955353 0,2011772
