0,03246464 -0,154787 0,2295169
0,03230998 -0,1549885 0,2292321
0,03226349 -0,155083 0,2287949
0,03214872 -0,1552099 0,2283656
0,03210171 -0,1553672 0,227834
0,03210171 -0,1553672 0,227834
0,03194305 -0,1557155 0,2269931
0,0318373 -0,1559577 0,2258816
0,03181086 -0,1558342 0,2240081
0,03166241 -0,1560413 0,2222462
0,0315298 -0,1559338 0,2194345
0,0315298 -0,1559338 0,2194345
0,03103667 -0,1550658 0,2155468
0,03047593 -0,1542021 0,2114378
0,02944324 -0,1535632 0,2066592
0,02831101 -0,1525937 0,2014331
0,02831101 -0,1525937 0,2014331
0,02623041 -0,1523062 0,1957377
0,02362739 -0,1530203 0,1899521
0,02052713 -0,1553491 0,1862006
0,01743872 -0,1588651 0,1823542
0,01464475 -0,1637962 0,181711
0,01464475 -0,1637962 0,181711
0,01157247 -0,1704154 0,183755
0,008682127 -0,178271 0,1872239
0,004371562 -0,1845057 0,1953065
0,0008615151 -0,1907278 0,207197
-0,002900879 -0,1825248 0,2214562
-0,002900879 -0,1825248 0,2214562
-0,003832814 -0,1644698 0,2309307
-0,005593562 -0,1371763 0,2419881
-0,005282672 -0,09542298 0,245309
-0,003916635 -0,05644572 0,2483323
-0,001580476 -0,0148692 0,2466819
-0,001580476 -0,0148692 0,2466819
0,001566218 0,01749124 0,2361335
0,001664671 0,04580204 0,2315477
0,0007111871 0,06967892 0,2249719
-0,001027331 0,08912368 0,2195955
-0,004723545 0,0978733 0,2189901
-0,004723545 0,0978733 0,2189901
-0,008456611 0,1069304 0,2178916
-0,01155105 0,1141198 0,2167144
-0,01635571 0,1180093 0,2176122
-0,01981802 0,1174537 0,2179738
-0,02258942 0,113062 0,2196446
-0,02258942 0,113062 0,2196446
-0,02526846 0,1137316 0,2203843
-0,02764703 0,1127854 0,2213733
-0,02968147 0,1088497 0,2227506
-0,03196801 0,1063174 0,2250302
-0,03280715 0,1009075 0,227044
-0,03280715 0,1009075 0,227044
-0,03347771 0,1001211 0,2277087
-0,03406179 0,0997628 0,2284491
-0,03442947 0,09760416 0,2293144
-0,03479583 0,09641531 0,2299388
-0,03479583 0,09641531 0,2299388
-0,03518704 0,09446982 0,230826
-0,03559111 0,09347789 0,2315714
-0,03612161 0,09397388 0,2318897
-0,03666594 0,09351759 0,2324908
-0,03722364 0,09336579 0,2330062
-0,03722364 0,09336579 0,2330062
-0,03840671 0,09434421 0,2331096
-0,03899606 0,09409983 0,2333472
-0,0396245 0,09404635 0,233345
-0,04000223 0,09111798 0,2338596
-0,04064059 0,08951248 0,2343662
-0,04064059 0,08951248 0,2343662
-0,04093573 0,09060684 0,2340277
-0,04142514 0,09117013 0,2337903
-0,04151854 0,09179133 0,2338562
-0,04167677 0,09237024 0,2337847
-0,04174991 0,09227517 0,2338572
-0,04174991 0,09227517 0,2338572
-0,04181774 0,09238543 0,2338912
-0,04176807 0,0923696 0,2339537
-0,04193413 0,092779 0,2339914
-0,04215519 0,09304947 0,2339514
-0,0420822 0,09299931 0,2338492
-0,0420822 0,09299931 0,2338492
-0,04243061 0,09381703 0,2335338
-0,04258823 0,09404202 0,2333904
-0,04267629 0,09410225 0,2331064
-0,04291062 0,09448104 0,233151
-0,04291062 0,09448104 0,233151
-0,04293304 0,09449375 0,2331971
-0,04286994 0,09420823 0,2331628
-0,04299972 0,09391405 0,2331816
-0,04295924 0,09355587 0,2332552
-0,04311509 0,09376222 0,2334437
-0,04311509 0,09376222 0,2334437
-0,04318015 0,09367219 0,2333782
-0,04328778 0,09372829 0,2334375
-0,04348243 0,09387672 0,2335262
-0,04376896 0,0939815 0,2333673
-0,04399901 0,09386511 0,2331998
-0,04399901 0,09386511 0,2331998
-0,04421131 0,09381685 0,2330002
-0,04454395 0,09287916 0,2331073
-0,04441539 0,09194219 0,2332684
-0,0446789 0,09156808 0,2333903
-0,04462567 0,09135991 0,2334076
-0,04462567 0,09135991 0,2334076
-0,0448528 0,09103681 0,2339498
-0,04493979 0,09086612 0,2341084
-0,04501999 0,09083472 0,2343597
-0,04505494 0,09086509 0,2345382
-0,04521985 0,09049152 0,2346854
-0,04521985 0,09049152 0,2346854
-0,04513327 0,09028873 0,2346998
