0,04645756 -0,1747974 0,2025692
0,04793635 -0,1667282 0,1993971
0,0503973 -0,1530961 0,1953507
0,0503973 -0,1530961 0,1953507
0,05397168 -0,1345704 0,1888409
0,0570862 -0,1179588 0,1825385
0,05862464 -0,1045825 0,177572
0,06043973 -0,09189311 0,1720949
0,06131342 -0,08149056 0,1685335
0,06131342 -0,08149056 0,1685335
0,06163317 -0,07567649 0,1643119
0,06277764 -0,06870207 0,1589885
0,06225124 -0,06409207 0,1562005
0,06019581 -0,06461214 0,1550368
0,05841707 -0,06563492 0,1534334
0,05841707 -0,06563492 0,1534334
0,05403886 -0,07475133 0,1572903
0,04953477 -0,08518948 0,1631755
0,04481797 -0,09745392 0,1708566
0,03965019 -0,1135973 0,1815203
0,03461322 -0,1304916 0,1933224
0,03461322 -0,1304916 0,1933224
0,02985035 -0,147757 0,2071385
0,02452051 -0,164002 0,222472
0,01942039 -0,1741308 0,2358201
0,0147031 -0,1762179 0,2456741
0,0147031 -0,1762179 0,2456741
0,01012903 -0,1574937 0,2511289
0,005883655 -0,1324392 0,2566385
0,001411888 -0,1029353 0,2612161
-0,0012294 -0,06251556 0,2633596
-0,002187482 -0,02301204 0,2648683
-0,002187482 -0,02301204 0,2648683
0,001031808 0,01632592 0,2530392
0,003780753 0,05239597 0,2450165
0,006339503 0,08154063 0,2392588
0,009163473 0,1117715 0,2328165
0,01262327 0,1412749 0,2244187
0,01262327 0,1412749 0,2244187
0,01390061 0,1537576 0,2224313
0,01630543 0,1739058 0,2167911
0,01857419 0,1813581 0,2143142
0,0211293 0,1897578 0,2120209
0,02269973 0,1989236 0,2101164
0,02269973 0,1989236 0,2101164
0,0232051 0,1980784 0,2100357
0,02404149 0,2011285 0,209313
0,02500669 0,2047753 0,2089155
0,02523139 0,2060897 0,2090464
0,02602355 0,2076911 0,2092826
0,02602355 0,2076911 0,2092826
0,02568334 0,2089726 0,2094833
0,02539825 0,2089569 0,2099797
0,02505276 0,2086746 0,209938
0,02422696 0,205439 0,2106906
0,02422696 0,205439 0,2106906
0,02358142 0,2026778 0,2111174
0,02282695 0,2001534 0,2119945
0,0223482 0,1978535 0,212257
0,02230128 0,1982302 0,2120937
0,02163731 0,1986171 0,2126286
0,02121299 0,200625 0,2123222
0,02121299 0,200625 0,2123222
0,02067491 0,1994578 0,2130385
0,02016096 0,1989784 0,2131621
0,01980012 0,1991906 0,2129485
0,02000871 0,1972587 0,2132266
0,02000871 0,1972587 0,2132266
0,01962154 0,1971708 0,2132119
0,01959135 0,1961214 0,2132809
0,01961303 0,195701 0,2128381
0,01970853 0,1949508 0,2128071
0,01970426 0,1934752 0,2127316
0,01970426 0,1934752 0,2127316
0,0197127 0,1927926 0,2128913
0,01974953 0,1927508 0,2128066
0,01965115 0,1919665 0,2128451
0,01966856 0,1919292 0,2129479
0,01961431 0,1914119 0,213072
0,01961431 0,1914119 0,213072
0,01971043 0,1913037 0,2136338
0,01955362 0,1907296 0,2141286
0,01931388 0,1894454 0,2147618
0,01946322 0,188132 0,2153503
0,01946115 0,1877602 0,2161171
0,01946115 0,1877602 0,2161171
0,01970495 0,1856282 0,216656
0,01990198 0,1839778 0,2172002
0,02037689 0,1825843 0,217499
0,02067515 0,182009 0,2179855
