0,0823513 -0,1443911 0,2625531
0,08331477 -0,1452948 0,2626418
0,08407833 -0,146634 0,2633655
0,085507 -0,1485709 0,2640645
0,08843133 -0,1501988 0,2657444
0,09501944 -0,1500174 0,2672046
0,1049636 -0,1447696 0,2696619
0,1049636 -0,1447696 0,2696619
0,1185929 -0,1321992 0,271944
0,1329125 -0,1168107 0,2743285
0,1463346 -0,09451467 0,2771324
0,1551802 -0,07215533 0,2788377
0,1551802 -0,07215533 0,2788377
0,1555164 -0,04472196 0,2723331
0,1520303 -0,01539725 0,2632295
0,1433371 0,008515835 0,2547726
0,1282203 0,03315344 0,2441735
0,1117791 0,05456571 0,232125
0,1117791 0,05456571 0,232125
0,08665849 0,06892331 0,2143256
0,06269662 0,08059095 0,1971844
0,03858312 0,08930027 0,1795735
0,01630292 0,09107801 0,1639095
-0,006358973 0,08681571 0,1475919
-0,006358973 0,08681571 0,1475919
-0,02478136 0,08010038 0,1351555
-0,03892085 0,06352551 0,1277517
-0,05042692 0,04706344 0,1225397
-0,056385 0,02991163 0,1211275
-0,05362855 0,01219901 0,1379018
-0,05362855 0,01219901 0,1379018
-0,03776227 -0,008029804 0,1718692
-0,01979183 -0,02570766 0,2060446
0,008811634 -0,04023921 0,2483559
0,04035905 -0,06315023 0,288874
0,04035905 -0,06315023 0,288874
0,07048252 -0,0824438 0,3069624
0,08692605 -0,0918048 0,3124867
0,09667 -0,09445077 0,3119865
0,09533461 -0,09492344 0,3078752
0,09578847 -0,09610608 0,3033313
0,09578847 -0,09610608 0,3033313
0,0939067 -0,1026951 0,3039384
0,095723 -0,1037098 0,3047568
0,0966161 -0,1083426 0,3054031
0,09918728 -0,1071329 0,3064525
0,1011606 -0,1075692 0,3068421
0,1011606 -0,1075692 0,3068421
0,1030302 -0,1061912 0,3074089
0,1039621 -0,1066749 0,3078277
0,1048139 -0,10709 0,3080164
0,1048002 -0,1079588 0,308164
0,1048771 -0,1086946 0,3081256
0,1048771 -0,1086946 0,3081256
0,1048336 -0,1094154 0,3080195
0,1051809 -0,1098893 0,3079111
0,1059812 -0,1095986 0,3075264
0,1072021 -0,109271 0,3070499
0,1077157 -0,1090354 0,3071992
0,1077157 -0,1090354 0,3071992
0,1081923 -0,1101815 0,307658
0,1089029 -0,110857 0,3076387
0,1100614 -0,1109332 0,3074744
0,1106978 -0,1109649 0,3076287
0,1112503 -0,1118227 0,3075425
0,1112503 -0,1118227 0,3075425
0,1117453 -0,112634 0,3073732
0,1124998 -0,1128051 0,3073462
0,1130718 -0,1131814 0,3069093
0,1133489 -0,113393 0,3065216
0,1133489 -0,113393 0,3065216
0,1138502 -0,1138971 0,3059932
0,114244 -0,1140998 0,3056378
0,1145982 -0,1141157 0,3053305
0,1148692 -0,1141739 0,3050132
0,1151221 -0,1142513 0,3047051
0,1151221 -0,1142513 0,3047051
0,1148215 -0,1149385 0,3045336
0,1146692 -0,1155067 0,3043128
0,1146729 -0,1158687 0,3040803
0,1146838 -0,11617 0,3038439
0,1147328 -0,1164378 0,3036009
0,1147328 -0,1164378 0,3036009
0,1140437 -0,116967 0,3040303
0,1132878 -0,1179531 0,3046094
0,1132766 -0,1190948 0,3043334
