0,02071431 -0,1417214 0,2480132
0,02050303 -0,1425687 0,2476012
0,02014389 -0,1434799 0,2473798
0,01972531 -0,144819 0,2472344
0,01923726 -0,1462702 0,247227
0,01923726 -0,1462702 0,247227
0,01889941 -0,148182 0,2476025
0,01903516 -0,1504958 0,247847
0,01951087 -0,1530524 0,2483373
0,02094232 -0,1566439 0,2502811
0,02327767 -0,1597548 0,2528409
0,02947827 -0,1618489 0,2549788
0,02947827 -0,1618489 0,2549788
0,03865758 -0,1603365 0,2592799
0,04768737 -0,156625 0,2637431
0,05859227 -0,1492095 0,2686907
0,0690871 -0,1389208 0,2738097
0,0690871 -0,1389208 0,2738097
0,07585549 -0,118016 0,2741233
0,07974257 -0,09652185 0,2728779
0,08099318 -0,07613721 0,2709048
0,07780008 -0,05300656 0,2616359
0,07117383 -0,03125012 0,2519816
0,07117383 -0,03125012 0,2519816
0,05812491 -0,01279093 0,2390665
0,0443031 0,002394587 0,2232035
0,02984942 0,01374552 0,2067681
0,01308866 0,02309284 0,1894172
-0,003411951 0,02672115 0,1730156
-0,003411951 0,02672115 0,1730156
-0,01890172 0,02246332 0,1561358
-0,03404418 0,01661947 0,141138
-0,04859946 0,009985261 0,1298714
-0,05835697 -0,005756713 0,1243988
-0,06854869 -0,02114722 0,1206363
-0,06854869 -0,02114722 0,1206363
-0,06619559 -0,03665695 0,1238299
-0,05648984 -0,05845688 0,1409034
-0,04717455 -0,07298526 0,1588952
-0,02346208 -0,08945046 0,1937491
-0,02346208 -0,08945046 0,1937491
-0,001789619 -0,09251392 0,2242865
0,04583463 -0,114861 0,2840369
0,06645419 -0,1347707 0,2989655
0,08900206 -0,1434549 0,3102133
0,102809 -0,1340428 0,3047888
0,102809 -0,1340428 0,3047888
0,1035773 -0,1292527 0,2967046
0,1028641 -0,1305717 0,293507
0,1026435 -0,131043 0,2908797
0,1023191 -0,1318047 0,2913865
0,1025259 -0,1319841 0,2914068
0,1025259 -0,1319841 0,2914068
0,1035377 -0,1321691 0,2925414
0,1042759 -0,1327544 0,2936431
0,1053275 -0,1326112 0,2946798
0,1063157 -0,132746 0,2952153
0,107152 -0,1332074 0,295791
0,107152 -0,1332074 0,295791
0,1063142 -0,1349622 0,2961609
0,1059796 -0,1360016 0,2963215
0,1056852 -0,1368769 0,2963938
0,1054814 -0,1374786 0,2962167
0,1054045 -0,1378903 0,2958829
0,1054045 -0,1378903 0,2958829
0,1062033 -0,1372514 0,2954369
0,1068343 -0,1370494 0,2951306
0,1075885 -0,1366609 0,2949155
0,108259 -0,136457 0,2948059
0,1088473 -0,136366 0,294618
0,1088473 -0,136366 0,294618
0,1087197 -0,1369724 0,2943688
0,108783 -0,1371731 0,2942252
0,108817 -0,1374927 0,2940495
0,1086149 -0,1380192 0,2939104
0,1084389 -0,1383674 0,2938089
0,1084389 -0,1383674 0,2938089
0,108623 -0,1383907 0,2935148
0,1086871 -0,1383114 0,2933299
0,1083965 -0,1386645 0,2931817
0,1080226 -0,1388591 0,2930164
0,1080226 -0,1388591 0,2930164
0,1078734 -0,1386678 0,2929168
0,1074906 -0,1388328 0,2928332
0,1071362 -0,1389129 0,2926168
0,1067556 -0,1390438 0,2925745
0,10605 -0,1397333 0,2921958
0,10605 -0,1397333 0,2921958
0,1055089 -0,1403562 0,2923676
0,1050746 -0,1407858 0,2922626
0,1051122 -0,1406694 0,2921207
0,1050145 -0,1407434 0,2920487
0,1049996 -0,1407958 0,2920465
0,1049996 -0,1407958 0,2920465
0,1050002 -0,1409633 0,2920178
0,1050542 -0,1411169 0,2919824
0,1052207 -0,1412637 0,2919799
