0,1927951 -0,1117669 0,2282688
0,1932868 -0,1084749 0,2285682
0,193405 -0,1065212 0,2288469
0,1935201 -0,1035431 0,2293514
0,193273 -0,0998069 0,2302159
0,193273 -0,0998069 0,2302159
0,1927165 -0,09518161 0,2306633
0,1916316 -0,09074482 0,2314944
0,1899519 -0,08647442 0,2322216
0,1874991 -0,08210528 0,2337578
0,184164 -0,07862556 0,235052
0,184164 -0,07862556 0,235052
0,1800478 -0,07381994 0,2374175
0,1747717 -0,07103409 0,2395384
0,1692834 -0,06867391 0,2414272
0,1640628 -0,06557781 0,2431671
0,1590009 -0,06185681 0,2446467
0,1590009 -0,06185681 0,2446467
0,1538396 -0,05864912 0,2456445
0,1479005 -0,05667758 0,2464754
0,1419077 -0,05498298 0,2471777
0,1349654 -0,0545774 0,2482642
0,1281588 -0,05454454 0,2488191
0,1281588 -0,05454454 0,2488191
0,1209974 -0,05559163 0,2489274
0,1135897 -0,05727586 0,2490438
0,1063139 -0,05872592 0,249035
0,09875043 -0,06106508 0,249248
0,09024167 -0,0661106 0,2490331
0,09024167 -0,0661106 0,2490331
0,0823221 -0,06975484 0,249314
0,074155 -0,07359886 0,2487839
0,06617523 -0,07773212 0,2478255
0,05743983 -0,0830515 0,2473296
0,04898532 -0,08714676 0,2465739
0,04898532 -0,08714676 0,2465739
0,04023426 -0,09247664 0,245688
0,03103807 -0,09755825 0,2451342
0,02169457 -0,1030217 0,2450539
0,01279546 -0,1073642 0,2437133
0,01279546 -0,1073642 0,2437133
0,004323235 -0,1117767 0,2394021
-0,005003681 -0,1176851 0,2362776
-0,01464187 -0,1224193 0,2325664
-0,02464349 -0,1282534 0,2304515
-0,0344473 -0,133545 0,2274806
-0,0344473 -0,133545 0,2274806
-0,04456737 -0,1406998 0,2280702
-0,0536974 -0,1446758 0,2244143
-0,06360354 -0,1489561 0,2241377
-0,07321724 -0,1530445 0,2225448
-0,08234155 -0,1547326 0,2197321
-0,08234155 -0,1547326 0,2197321
-0,09164798 -0,1540197 0,2152362
-0,1002385 -0,1547817 0,2114244
-0,1099858 -0,1533844 0,2081899
-0,1190779 -0,1503433 0,2049649
-0,1274831 -0,1475276 0,2039399
-0,1274831 -0,1475276 0,2039399
-0,1356548 -0,1421138 0,2042686
-0,1436847 -0,1370494 0,2052446
-0,1518609 -0,1294647 0,2060091
-0,156435 -0,1227753 0,2060314
-0,1607886 -0,1110902 0,2039172
-0,1607886 -0,1110902 0,2039172
-0,161698 -0,102729 0,2048934
-0,1621914 -0,09337701 0,2046498
-0,1620296 -0,08481503 0,2057
-0,1601476 -0,07655719 0,2074503
-0,1572238 -0,06800926 0,2089928
-0,1572238 -0,06800926 0,2089928
-0,1539801 -0,06025399 0,2117093
-0,1493207 -0,05266473 0,2144295
-0,143369 -0,04740594 0,2170304
-0,1369039 -0,04284427 0,2202115
-0,1369039 -0,04284427 0,2202115
-0,1289046 -0,03938971 0,2224288
-0,119715 -0,03879449 0,2254451
-0,1103538 -0,04096904 0,2287736
-0,101117 -0,0422949 0,2319134
-0,09643386 -0,03998885 0,2349278
-0,09643386 -0,03998885 0,2349278
-0,08918165 -0,03997135 0,2375143
-0,08139399 -0,04090458 0,240239
-0,07282299 -0,0448404 0,2422818
-0,06524144 -0,04843989 0,244454
-0,05735558 -0,05329695 0,2467515
-0,05735558 -0,05329695 0,2467515
-0,04887889 -0,0619725 0,2493919
-0,04056227 -0,06953478 0,2518498
-0,03139068 -0,077806 0,2518925
-0,0219965 -0,08748013 0,2525517
-0,01115952 -0,1008542 0,2525185
-0,01115952 -0,1008542 0,2525185
-0,001526032 -0,1111729 0,2517525
0,007491859 -0,1199653 0,2523342
0,0177825 -0,1287463 0,2506708
0,02898463 -0,1366372 0,2516804
0,0390602 -0,1444163 0,2517443
0,0390602 -0,1444163 0,2517443
0,04960396 -0,1492347 0,250719
0,06228837 -0,1552713 0,2510005
0,07526115 -0,1602916 0,2489659
0,08694251 -0,1644135 0,243397
0,09881499 -0,1657293 0,2406988
0,09881499 -0,1657293 0,2406988
0,1080823 -0,1649312 0,2381902
0,1191234 -0,165071 0,2371141
0,1287558 -0,1647474 0,2363666
0,1378546 -0,162241 0,2360159
0,1378546 -0,162241 0,2360159
0,1466256 -0,1573826 0,2355726
0,1559563 -0,1524974 0,2348506
0,1663751 -0,1450021 0,2330427
0,1759686 -0,1376987 0,2326755
0,1840297 -0,1303091 0,2326033
0,1840297 -0,1303091 0,2326033
0,1904003 -0,1233103 0,232589
0,1967862 -0,1153259 0,2319043
0,2007578 -0,1072164 0,2319112
0,204461 -0,09867866 0,2313513
0,2066931 -0,09067959 0,2312181
0,2066931 -0,09067959 0,2312181
0,2044811 -0,08466138 0,2313336
0,2036563 -0,07765618 0,231063
0,2020334 -0,07134089 0,2308069
0,2013104 -0,06468713 0,2302458
0,2000132 -0,05860712 0,2305649
0,2000132 -0,05860712 0,2305649
0,1991281 -0,05380115 0,2303955
0,1980708 -0,04937826 0,2305089
0,1968452 -0,04607196 0,2304246
0,1951142 -0,04420744 0,2303209
0,1927705 -0,04379326 0,2308294
0,1927705 -0,04379326 0,2308294
0,1914059 -0,04363078 0,2307887
0,1897593 -0,04359831 0,230909
0,1881756 -0,04375087 0,2311181
0,1866857 -0,04435989 0,2309923
0,1853843 -0,0445299 0,2307623
0,1853843 -0,0445299 0,2307623
0,1840976 -0,04548182 0,2307072
0,1829727 -0,04622674 0,2304262
0,1820129 -0,04708205 0,2299978
0,1812261 -0,04767509 0,2300965
0,1812261 -0,04767509 0,2300965
0,1806208 -0,04821452 0,2299486
0,1799652 -0,04883274 0,2298851
0,1796766 -0,04920372 0,2295494
0,1792675 -0,04970919 0,2293801
0,178904 -0,05021685 0,2294676
0,178904 -0,05021685 0,2294676
0,1786283 -0,05079329 0,2294056
0,1782964 -0,05143772 0,2294734
0,1781831 -0,05185425 0,2294486
0,178124 -0,05236952 0,229404
0,1780876 -0,05294336 0,2292254
0,1780876 -0,05294336 0,2292254
0,1781757 -0,05320656 0,229181
0,1782411 -0,05354317 0,2290795
0,178331 -0,05387035 0,2289199
0,178498 -0,0543268 0,2287207
0,1783928 -0,05499135 0,2286156
0,1783928 -0,05499135 0,2286156
0,1786568 -0,05541596 0,2284521
0,1785526 -0,05602857 0,2284319
0,1785637 -0,05653042 0,2283066
