0,1146036 -0,1260196 0,2187383
0,1153981 -0,1263104 0,2199882
0,1164645 -0,1255358 0,2211374
0,1174998 -0,1249318 0,2222371
0,1193958 -0,1195111 0,2230903
0,1193958 -0,1195111 0,2230903
0,1207073 -0,1135649 0,2241163
0,1217407 -0,1068797 0,2260652
0,1224887 -0,09908301 0,2285764
0,1217771 -0,08961408 0,2304485
0,1205582 -0,08090681 0,2325695
0,1205582 -0,08090681 0,2325695
0,1170752 -0,07506615 0,2342024
0,1127261 -0,06962505 0,2357566
0,1074457 -0,06478447 0,2368388
0,1003957 -0,06393167 0,2378144
0,09232097 -0,0642903 0,2387597
0,09232097 -0,0642903 0,2387597
0,08352748 -0,06890507 0,2377737
0,07409661 -0,07367983 0,2362652
0,06358004 -0,08200514 0,2348999
0,05327653 -0,09095542 0,2325537
0,04146436 -0,1043386 0,2317512
0,04146436 -0,1043386 0,2317512
0,03045975 -0,1140568 0,2262622
0,01898741 -0,1258515 0,2205804
0,006909796 -0,1372192 0,2163703
-0,006490577 -0,1490096 0,2131494
-0,01955859 -0,157289 0,2099954
-0,01955859 -0,157289 0,2099954
-0,03221145 -0,1607933 0,206715
-0,04238278 -0,1603539 0,2015299
-0,0511455 -0,1575101 0,1940456
-0,05580144 -0,1445365 0,1841298
-0,05861449 -0,1310031 0,1759775
-0,05861449 -0,1310031 0,1759775
-0,06177725 -0,1198564 0,1835378
-0,06523488 -0,1052141 0,1851694
-0,06264672 -0,09047092 0,1872186
-0,05790729 -0,07794145 0,1882006
-0,05790729 -0,07794145 0,1882006
-0,04936998 -0,06950322 0,1909343
-0,03982523 -0,05988528 0,1924654
-0,0307022 -0,05559215 0,1964684
-0,02114894 -0,05219285 0,2008066
-0,01226129 -0,05228621 0,2055058
-0,01226129 -0,05228621 0,2055058
-0,003135401 -0,05604747 0,2098143
0,006243214 -0,06020661 0,2140205
0,01596422 -0,06793424 0,2168508
0,02611247 -0,07614779 0,2188969
0,03487193 -0,08527771 0,2208969
0,03487193 -0,08527771 0,2208969
0,04389591 -0,09731376 0,2229453
0,05423594 -0,1095271 0,2232622
0,0647743 -0,121091 0,2230273
0,07775658 -0,1313363 0,2219233
0,08972625 -0,1418575 0,2215729
0,08972625 -0,1418575 0,2215729
0,09780981 -0,1495811 0,2239056
0,1080937 -0,1507706 0,2241501
0,1169982 -0,1506062 0,2254387
0,1251237 -0,1471035 0,2282405
0,1320704 -0,1402373 0,2265334
0,1320704 -0,1402373 0,2265334
0,1355233 -0,1331885 0,2251682
0,1384683 -0,1277053 0,2241798
0,1395022 -0,1226571 0,22311
0,1395545 -0,1188507 0,2233746
0,1398879 -0,1151285 0,2222523
0,1398879 -0,1151285 0,2222523
0,1388913 -0,1131595 0,2223772
0,1385608 -0,1109653 0,2217692
0,1383093 -0,1093313 0,2214815
0,1372362 -0,1086051 0,2218409
0,1372362 -0,1086051 0,2218409
0,1367652 -0,107882 0,2220103
0,1362951 -0,1070879 0,22223
0,1358533 -0,1068147 0,2224167
0,13591 -0,106349 0,2225933
0,1359948 -0,1057139 0,2227959
0,1359948 -0,1057139 0,2227959
0,1365726 -0,1044219 0,2235943
0,1369333 -0,103467 0,2240222
0,1370023 -0,1028635 0,2243569
0,1369665 -0,1023727 0,2246255
0,1370076 -0,1018182 0,224888
0,1370076 -0,1018182 0,224888
0,1366451 -0,1016129 0,225319
0,1364568 -0,1013426 0,2255754
0,1362657 -0,1011505 0,2256689
0,1362535 -0,1009308 0,2256494
0,1363407 -0,100548 0,225599
0,1363407 -0,100548 0,225599
0,1363463 -0,1003081 0,225767
0,1363591 -0,1000551 0,2258492
0,1364579 -0,09972975 0,2260665
0,1363965 -0,09960176 0,2261122
0,1363965 -0,09960176 0,2261122
0,1363404 -0,09931661 0,2262203
0,1363182 -0,09901288 0,2263058
0,1362532 -0,09892358 0,2262689
0,1362101 -0,0988055 0,2261874
0,1362077 -0,09878874 0,2261383
0,1362077 -0,09878874 0,2261383
0,1360671 -0,09907791 0,2262115
0,1359967 -0,09921709 0,2261273
0,1359641 -0,09942324 0,2260472
0,135983 -0,09960173 0,2260376
0,1360361 -0,09989026 0,2259724
0,1360361 -0,09989026 0,2259724
0,1360798 -0,1002773 0,2259691
0,1361148 -0,1005749 0,225987
0,1360841 -0,1008919 0,2260444
