0,03940841 -0,1516001 0,2546186
0,03884285 -0,151799 0,2544333
0,03839602 -0,1520607 0,2542781
0,03829312 -0,1525469 0,2539646
0,03801659 -0,153134 0,2537665
0,03801659 -0,153134 0,2537665
0,03780699 -0,1548349 0,2537237
0,03798746 -0,157319 0,2535825
0,03860871 -0,1600853 0,2537464
0,04086771 -0,1634437 0,2543259
0,04410767 -0,166702 0,2554144
0,04410767 -0,166702 0,2554144
0,05390502 -0,168575 0,2577488
0,06690299 -0,1705764 0,2607581
0,08160952 -0,1711099 0,2628902
0,1017562 -0,1642734 0,2663053
0,1227618 -0,1524514 0,2695321
0,1227618 -0,1524514 0,2695321
0,1438949 -0,1260457 0,270829
0,1576807 -0,09819406 0,2672198
0,163269 -0,06963861 0,2600194
0,164644 -0,04143164 0,2512254
0,1564625 -0,01424663 0,2393425
0,1564625 -0,01424663 0,2393425
0,1389118 0,006591842 0,2264109
0,1201738 0,02544092 0,2132831
0,09890286 0,04141912 0,1991816
0,07618441 0,0554353 0,185136
0,05250733 0,05888341 0,170976
0,05250733 0,05888341 0,170976
0,02919812 0,05326381 0,1584851
0,00744591 0,04772067 0,1475594
-0,01092883 0,04002717 0,1357503
-0,02709003 0,02837097 0,1253104
-0,02709003 0,02837097 0,1253104
-0,03639384 0,01068104 0,1258048
-0,04123821 -0,004913718 0,1254512
-0,04124862 -0,02217576 0,1301858
-0,0284103 -0,04252301 0,1533777
-0,01261816 -0,06190819 0,1783344
-0,01261816 -0,06190819 0,1783344
0,01775352 -0,07235631 0,2166939
0,05268684 -0,09449735 0,2595994
0,08739861 -0,1122369 0,2957477
0,1201207 -0,1219388 0,305217
0,149089 -0,1291272 0,3112396
0,149089 -0,1291272 0,3112396
0,1531449 -0,1161084 0,2987581
0,1551045 -0,1113979 0,2937343
0,1502993 -0,1123223 0,2903437
0,1419012 -0,1158233 0,2875738
0,1366302 -0,117435 0,2852198
0,1366302 -0,117435 0,2852198
0,1342704 -0,1175465 0,2853945
0,1316133 -0,119247 0,2855347
0,1296922 -0,120577 0,2859035
0,1301154 -0,119901 0,2867097
0,1302942 -0,1194138 0,2874447
0,1302942 -0,1194138 0,2874447
0,1310734 -0,1191393 0,2882087
0,130813 -0,1201614 0,2886977
0,1304632 -0,1211755 0,2892551
0,1306492 -0,1213421 0,2890956
0,1306161 -0,1209714 0,2888191
0,1306161 -0,1209714 0,2888191
0,1298759 -0,1213458 0,2882917
0,1293661 -0,1217143 0,2877402
0,1292059 -0,1218661 0,2873575
0,1292338 -0,1218414 0,2870072
0,1292338 -0,1218414 0,2870072
0,1295967 -0,1217497 0,2868506
0,1303375 -0,1215772 0,2868865
0,1312333 -0,1212967 0,2869131
0,1317133 -0,1216739 0,2870378
0,1314292 -0,1228424 0,2873629
0,1314292 -0,1228424 0,2873629
0,1309571 -0,1232489 0,2874176
0,1308864 -0,1234253 0,2874058
0,1307231 -0,1238934 0,2874255
0,1309128 -0,1239954 0,2874712
0,1308076 -0,124535 0,2876102
0,1308076 -0,124535 0,2876102
0,1311026 -0,1241683 0,2879528
