0,0009784284 0,003579624 0,002263181 0,002020772 0,001772652
0,0009779924 0,003578449 0,002264366 0,002021592 0,001774295
0,0009771704 0,003578251 0,002265094 0,0020216 0,001774951
0,0009773307 0,003577923 0,002265302 0,002021475 0,001774995
0,0009773307 0,003577923 0,002265302 0,002021475 0,001774995
0,000977003 0,00357725 0,002266372 0,00202144 0,001775748
0,0009766791 0,003577371 0,00226547 0,002020669 0,001774933
0,0009767013 0,003577295 0,002264512 0,002019896 0,001774087
0,0009769867 0,003577278 0,002263494 0,002018943 0,00177299
0,0009772786 0,003576959 0,002263624 0,002018779 0,001772895
0,0009772786 0,003576959 0,002263624 0,002018779 0,001772895
0,0009777173 0,003576442 0,002263248 0,002017779 0,00177195
0,0009773962 0,003576078 0,002263387 0,002017831 0,001771972
0,0009770796 0,003576437 0,00226306 0,002017309 0,00177136
0,0009768754 0,003576892 0,002263041 0,002016957 0,001770909
0,0009768754 0,003576892 0,002263041 0,002016957 0,001770909
0,0009758637 0,003578035 0,002263869 0,002016895 0,001771167
0,0009753195 0,003577816 0,002265099 0,002017647 0,001772247
0,0009751068 0,00357716 0,002266078 0,002018294 0,00177318
0,0009756171 0,003576828 0,002267583 0,002018902 0,001774254
0,000975266 0,00357612 0,00226927 0,00202039 0,001775946
0,000975266 0,00357612 0,00226927 0,00202039 0,001775946
0,0009754822 0,003575295 0,002270762 0,002022868 0,001778348
0,0009754175 0,003575163 0,002270517 0,002023314 0,001778627
0,0009758438 0,003574097 0,002271029 0,002024433 0,001779771
0,0009764578 0,00357272 0,002271106 0,002025357 0,001780425
0,0009757784 0,0035723 0,002270843 0,002025308 0,001780386
0,0009757784 0,0035723 0,002270843 0,002025308 0,001780386
0,0009762821 0,003569053 0,002268824 0,002024889 0,001779377
0,0009785886 0,003568547 0,002262618 0,002022952 0,001771926
0,0009787653 0,003565304 0,00226378 0,002024147 0,001773691
0,0009776766 0,003562839 0,002263458 0,002023568 0,001774173
0,0009780237 0,00356226 0,002264419 0,002023548 0,001774981
0,0009780237 0,00356226 0,002264419 0,002023548 0,001774981
0,0009753469 0,003554325 0,002258963 0,002025028 0,001771596
0,000970957 0,003547923 0,0022617 0,002030996 0,00177868
0,0009679957 0,003544941 0,002272505 0,002042587 0,001792363
0,00095599 0,003547372 0,002283059 0,002054884 0,001806231
0,0009500697 0,003556461 0,002279467 0,002050094 0,001801267
0,0009500697 0,003556461 0,002279467 0,002050094 0,001801267
0,0009484295 0,003569542 0,002295391 0,002061674 0,001823264
0,0009506035 0,003579659 0,002305295 0,002068085 0,001835204
0,0009516962 0,00359951 0,002289554 0,002060116 0,001826226
0,0009542051 0,003605731 0,002289114 0,002068414 0,001835649
0,0009542051 0,003605731 0,002289114 0,002068414 0,001835649
0,0009636189 0,003615079 0,002261127 0,00206412 0,001821239
0,0009561726 0,003637769 0,002242471 0,00206561 0,001809448
0,0009580611 0,003656526 0,002222437 0,002061812 0,001793445
0,0009468195 0,003670726 0,002208702 0,002055826 0,001782201
0,0009293123 0,003687065 0,002172905 0,002037375 0,001755759
0,0009293123 0,003687065 0,002172905 0,002037375 0,001755759
0,0009368403 0,003695788 0,002124851 0,002027339 0,001726174
0,0009388545 0,003702785 0,002110166 0,0020194 0,001713228
0,0009439667 0,003712249 0,002069116 0,002006976 0,001686841
0,0009647597 0,003712955 0,002059268 0,002008148 0,001682283
0,0009771773 0,003724492 0,002061533 0,002010218 0,001683112
0,0009771773 0,003724492 0,002061533 0,002010218 0,001683112
0,0009962837 0,003756181 0,002075709 0,002022273 0,001694201
0,001012977 0,00375708 0,002084458 0,002029237 0,001702488
0,001022243 0,003756983 0,002085482 0,002031847 0,001705126
0,001036093 0,003751251 0,002072455 0,002027905 0,001699821
0,001038937 0,003749234 0,002068134 0,002024886 0,001697146
0,001038937 0,003749234 0,002068134 0,002024886 0,001697146
0,001046248 0,00374985 0,002047695 0,002018658 0,001688444
0,001046599 0,003752617 0,002037423 0,002011958 0,001681483
0,001040271 0,003747407 0,002018582 0,002003664 0,001672162
0,00103723 0,003742042 0,002008324 0,00199831 0,001668239
0,001030637 0,003727144 0,00201985 0,001991083 0,001668029
0,001030637 0,003727144 0,00201985 0,001991083 0,001668029
0,00100871 0,003718355 0,002029764 0,001991891 0,001671731
0,0009925917 0,003722614 0,002038433 0,001990701 0,00167591
0,0009843543 0,003714198 0,002064465 0,00199754 0,001690394
0,0009773637 0,003709125 0,002075999 0,00199855 0,001695126
0,0009657413 0,003710204 0,002087417 0,001999645 0,001697424
0,0009657413 0,003710204 0,002087417 0,001999645 0,001697424
0,0009560905 0,003669756 0,002089025 0,001990451 0,00169108
0,0009495368 0,0036495 0,002080052 0,001984204 0,001682753
0,000955899 0,003634059 0,002096626 0,001989009 0,001693266
0,0009511607 0,003635163 0,002115634 0,001993454 0,001703809
0,0009659988 0,003632193 0,002156361 0,002013491 0,001731737
0,0009659988 0,003632193 0,002156361 0,002013491 0,001731737
0,0009603552 0,0036302 0,00219158 0,00201803 0,001750095
0,0009691616 0,003616692 0,002234595 0,002037347 0,001783611
0,0009764286 0,003615357 0,00227128 0,00204817 0,00180073
0,001002011 0,003600519 0,002315197 0,00206763 0,001832527
0,001002011 0,003600519 0,002315197 0,00206763 0,001832527
0,00100582 0,003573918 0,002315762 0,002058815 0,001826545
0,001005983 0,003553004 0,002298467 0,002052304 0,001816004
0,001009217 0,003538662 0,002299351 0,002047322 0,001813993
0,0009995691 0,003538721 0,00227375 0,002029639 0,001790852
0,001010163 0,00352731 0,002260592 0,002014632 0,001777337
0,001010163 0,00352731 0,002260592 0,002014632 0,001777337
0,001019052 0,003512961 0,002226599 0,002008128 0,00176146
0,001026257 0,003493985 0,002231418 0,002009517 0,001766847
0,00104441 0,003451801 0,002235394 0,002019645 0,001779835
0,0010564 0,00341812 0,002228073 0,002022659 0,001780083
0,001069315 0,003392549 0,002232382 0,002029913 0,001787295
0,001069315 0,003392549 0,002232382 0,002029913 0,001787295
0,001084126 0,003333527 0,002242723 0,002050194 0,001805272
0,001082505 0,003329073 0,002246795 0,00205586 0,001809252
0,001080957 0,003334907 0,002237071 0,002047647 0,001799288
0,001088794 0,003335203 0,002218526 0,002033084 0,001780843
0,001090421 0,003349433 0,002205242 0,002019316 0,001765618
0,001090421 0,003349433 0,002205242 0,002019316 0,001765618
0,001102916 0,003381998 0,002187888 0,002011605 0,001750287
0,001106654 0,003398185 0,002191592 0,002013692 0,001752827
0,001107929 0,003406526 0,002197075 0,002017005 0,001757605
0,001106952 0,003394 0,002204124 0,002022176 0,001764788
0,001103373 0,003368301 0,002208507 0,002026918 0,001771235
0,001103373 0,003368301 0,002208507 0,002026918 0,001771235
0,001097002 0,003338126 0,00221125 0,002030561 0,001776642
0,001095955 0,003326047 0,002211112 0,002030373 0,001777525
0,001097287 0,003329643 0,002210299 0,002028626 0,001776131
0,001099303 0,003348563 0,002211462 0,002028169 0,001774595
0,001099303 0,003348563 0,002211462 0,002028169 0,001774595
0,001094228 0,00338067 0,0022049 0,002020741 0,001763773
0,001085637 0,003373548 0,002202646 0,002018413 0,00175956
0,0010777 0,003358362 0,002218885 0,002030323 0,001774793
0,001081584 0,003356537 0,002233972 0,00203936 0,001787469
0,001074133 0,00336762 0,002247726 0,002053296 0,001800861
0,001074133 0,00336762 0,002247726 0,002053296 0,001800861
0,001039368 0,003410386 0,002229009 0,002052932 0,001793327
0,001032302 0,003430466 0,002238133 0,00206257 0,00180201
0,00102714 0,003478954 0,002238624 0,00206409 0,001809128
0,00100388 0,003556316 0,002236771 0,002062298 0,001806958
0,000989988 0,003608674 0,002215861 0,002047089 0,00178734
0,000989988 0,003608674 0,002215861 0,002047089 0,00178734
0,0009865552 0,003658437 0,002216499 0,002048373 0,001788761
0,0009786871 0,003693589 0,002226076 0,002057094 0,001798037
0,0009634555 0,003712026 0,002233611 0,002062503 0,001802612
0,0009581971 0,003716533 0,002236434 0,002062507 0,00180263
0,000945767 0,003716889 0,002236527 0,002061976 0,001799978
0,000945767 0,003716889 0,002236527 0,002061976 0,001799978
0,0009363195 0,003710596 0,002236931 0,002053837 0,001791992
0,0009359194 0,003708298 0,002238063 0,002052203 0,001790615
0,0009386808 0,003715707 0,002239733 0,002046681 0,00178444
0,0009354634 0,003705725 0,002225109 0,002048911 0,001784528
0,000942488 0,00371908 0,002236473 0,002045196 0,001781247
0,000942488 0,00371908 0,002236473 0,002045196 0,001781247
0,0009276089 0,003693461 0,002215517 0,002057754 0,001788791
0,0009369936 0,003683416 0,002245824 0,002090415 0,001817105
0,000940718 0,003677741 0,002264091 0,002110155 0,001835662
0,000944477 0,003673327 0,002278707 0,002124795 0,001850512
0,0009466063 0,00367222 0,00228512 0,002130304 0,001856827
0,0009466063 0,00367222 0,00228512 0,002130304 0,001856827
0,0009493205 0,003680111 0,002299171 0,002122355 0,00185628
0,0009533762 0,003680006 0,002298339 0,002128064 0,001860452
0,0009556239 0,003679292 0,002298546 0,002129108 0,001862039
0,0009566713 0,003677154 0,002297141 0,002131354 0,001863963
0,0009566713 0,003677154 0,002297141 0,002131354 0,001863963
0,0009568355 0,00367208 0,00230157 0,002137677 0,001872284
0,0009584278 0,003668676 0,002304777 0,002140486 0,001876273
0,0009587539 0,003664956 0,002304262 0,002140251 0,001876594
0,0009595294 0,003659079 0,002303301 0,002139527 0,00187664
0,0009512986 0,003648315 0,002276858 0,002123856 0,001858886
0,0009512986 0,003648315 0,002276858 0,002123856 0,001858886
0,0009563115 0,003633792 0,002278049 0,002120997 0,001855294
0,0009558358 0,003636906 0,002279604 0,002121282 0,001851981
0,0009547269 0,003656152 0,002274625 0,002120273 0,001845646
0,0009548661 0,00366772 0,002272091 0,002118636 0,001842571
0,0009609453 0,003679315 0,002274664 0,00212083 0,001846748
0,0009609453 0,003679315 0,002274664 0,00212083 0,001846748
0,0009658304 0,003658392 0,002277812 0,00213778 0,001863686
0,000965399 0,003643292 0,002278317 0,00214058 0,00186633
0,0009695677 0,003652189 0,002272084 0,002138788 0,001862056
0,0009771195 0,003652156 0,002247175 0,002116259 0,001839578
0,0009888167 0,003581533 0,002255705 0,002131246 0,001856642
0,0009888167 0,003581533 0,002255705 0,002131246 0,001856642
0,0009879491 0,003556239 0,002233534 0,002131311 0,001850713
0,0009545289 0,003496111 0,002233056 0,002134406 0,001855375
0,0009451198 0,003529545 0,002212985 0,002136818 0,001850822
0,0009403587 0,003548288 0,002204591 0,002132419 0,001844394
0,0009421043 0,003618736 0,002201479 0,002135318 0,001843801
0,0009421043 0,003618736 0,002201479 0,002135318 0,001843801
0,0008969809 0,003539079 0,002190475 0,002150253 0,001868054
0,0008540581 0,003072376 0,002195405 0,002165432 0,001905274
0,000866888 0,003307031 0,002196166 0,002150255 0,001915211
0,0008783499 0,003326167 0,00215419 0,002111549 0,001880781
0,0008978769 0,002787109 0,002133757 0,002074017 0,001856544
0,0008978769 0,002787109 0,002133757 0,002074017 0,001856544
0,0008784407 0,002750466 0,002137765 0,002060847 0,001850528
0,0008913251 0,002913279 0,002158939 0,002060864 0,001842497
0,0009077913 0,003201705 0,002210707 0,002099739 0,001882592
0,0009398219 0,003410995 0,002285834 0,002150384 0,001937615
0,0009398219 0,003410995 0,002285834 0,002150384 0,001937615
0,000995624 0,003395327 0,002338316 0,002172912 0,001971812
0,001011026 0,003606058 0,002346149 0,002170277 0,001962158
0,001025467 0,003330388 0,002348333 0,002172068 0,00195079
0,001028375 0,003223197 0,002333649 0,002154026 0,001928154
0,001024811 0,003123973 0,002311466 0,00213624 0,001903227
0,001024811 0,003123973 0,002311466 0,00213624 0,001903227
0,00100388 0,003397116 0,002285619 0,00211921 0,001887377
0,0009990289 0,003532616 0,002283854 0,002104924 0,001880226
0,0009678077 0,003552714 0,002264351 0,002082821 0,001861968
0,0009455809 0,003343225 0,002263365 0,002104457 0,001879633
0,0009119366 0,003535434 0,00227026 0,002092127 0,001865736
0,0009119366 0,003535434 0,00227026 0,002092127 0,001865736
0,0008521701 0,002913299 0,002267772 0,002137727 0,001880284
0,0008985546 0,003214286 0,002222367 0,002098167 0,001830614
0,0008827751 0,003394677 0,002213669 0,002093727 0,001832397
0,0008777732 0,003451414 0,002198727 0,002104139 0,001836175
0,0008876151 0,003308956 0,002198333 0,002113207 0,001843315
0,0008876151 0,003308956 0,002198333 0,002113207 0,001843315
0,000964387 0,003683194 0,00223121 0,002147347 0,001858407
0,0009648661 0,003709493 0,002252383 0,002183529 0,001884889
0,0009705651 0,003664634 0,002270353 0,002183181 0,00189056
0,0009811164 0,003642137 0,002280816 0,002174714 0,001888738
0,0009881501 0,003488621 0,002292305 0,002174699 0,001896932
0,0009881501 0,003488621 0,002292305 0,002174699 0,001896932
0,0009631726 0,003554352 0,002243711 0,002117 0,001841476
0,0009584771 0,003622389 0,002232493 0,002100333 0,001824987
0,000939113 0,003634601 0,002191008 0,002066427 0,001785511
0,0009308482 0,003683921 0,002206761 0,002057204 0,00178053
0,0009316069 0,003717527 0,00220123 0,002040214 0,001766152
0,0009316069 0,003717527 0,00220123 0,002040214 0,001766152
0,0009510079 0,003705122 0,002246296 0,002052487 0,001790553
0,0009489455 0,003714636 0,002244347 0,002051707 0,001789694
0,0009456847 0,00370773 0,00223962 0,002052398 0,001786967
0,0009366769 0,003685728 0,002243111 0,002056174 0,001785347
0,0009366769 0,003685728 0,002243111 0,002056174 0,001785347
0,000941252 0,003678015 0,002265319 0,002061809 0,001805422
0,0009418173 0,003684714 0,002276276 0,002069474 0,001818553
0,0009419478 0,003690737 0,00228221 0,002076505 0,001828422
0,000936259 0,003701426 0,002286508 0,002082216 0,001832015
0,0009421976 0,003704185 0,002284786 0,002081972 0,001834348
0,0009421976 0,003704185 0,002284786 0,002081972 0,001834348
0,0009499406 0,00369763 0,002285985 0,00208455 0,001837136
0,0009543459 0,003676417 0,002279121 0,002078911 0,001828884
0,0009553356 0,003670059 0,002270043 0,002071347 0,001818244
0,0009534408 0,00368178 0,002255281 0,002064039 0,001805007
0,000958443 0,003698403 0,002249801 0,002059799 0,001801904
0,000958443 0,003698403 0,002249801 0,002059799 0,001801904
0,0009672082 0,003670477 0,002267042 0,002072459 0,001818332
0,000965808 0,003674709 0,002258809 0,002062131 0,00180849
0,0009715907 0,003681158 0,00225841 0,002059902 0,001809515
0,0009733918 0,003651683 0,002262934 0,002061579 0,00181061
0,0009709722 0,003655473 0,002248039 0,00204453 0,001790772
0,0009709722 0,003655473 0,002248039 0,00204453 0,001790772
0,0009822296 0,003680231 0,002243224 0,002040276 0,001786856
0,0009794598 0,003676854 0,002241865 0,002043583 0,001788499
0,0009780871 0,003658702 0,002239439 0,0020481 0,001791355
0,0009797048 0,003644428 0,002227659 0,002054658 0,001793409
0,0009687959 0,003615447 0,002209882 0,002064099 0,001794442
0,0009687959 0,003615447 0,002209882 0,002064099 0,001794442
0,0009746691 0,003631237 0,002240379 0,002084902 0,001823363
0,0009668462 0,003655241 0,002244147 0,002076578 0,001814956
0,000964255 0,003672378 0,002226753 0,002055816 0,001791026
0,0009670382 0,003657002 0,002222946 0,002054393 0,001788097
0,0009670382 0,003657002 0,002222946 0,002054393 0,001788097
0,0009627935 0,003687545 0,002226001 0,002056849 0,00179009
0,0009573848 0,003692544 0,002212002 0,002046099 0,001772519
0,0009560438 0,003696121 0,002221006 0,002044903 0,001769858
0,0009537295 0,003710435 0,002230569 0,002054633 0,001784249
0,0009488762 0,003717041 0,002228821 0,00205295 0,001783133
0,0009488762 0,003717041 0,002228821 0,00205295 0,001783133
0,0009434299 0,003709543 0,002212624 0,002047527 0,001771763
0,00094064 0,003696674 0,002216429 0,002045673 0,001769337
0,0009462925 0,00368627 0,002223733 0,002049172 0,001776219
0,0009506074 0,003676167 0,00224001 0,002054696 0,001789365
0,0009484382 0,003676162 0,002248633 0,002059124 0,001799002
0,0009484382 0,003676162 0,002248633 0,002059124 0,001799002
0,0009476559 0,003684429 0,002258281 0,002062228 0,001804417
0,0009516406 0,003685536 0,002262993 0,002065209 0,001810829
0,0009520846 0,003683601 0,002266846 0,002068877 0,001816113
0,0009527178 0,003676905 0,002271146 0,002071502 0,001820032
0,0009525384 0,003669859 0,00226889 0,002069227 0,001816842
0,0009525384 0,003669859 0,00226889 0,002069227 0,001816842
0,0009504218 0,003675673 0,002253484 0,002057372 0,001796717
0,0009516308 0,00368563 0,002241738 0,002051721 0,001787521
0,0009499853 0,00370468 0,002243356 0,002052368 0,001785419
0,0009528166 0,003710821 0,002237565 0,00204704 0,001781547
0,0009557887 0,003716893 0,002241177 0,002053711 0,001790464
0,0009557887 0,003716893 0,002241177 0,002053711 0,001790464
0,0009604753 0,00371633 0,002253513 0,002065393 0,001805267
0,0009627561 0,003711444 0,002255463 0,002067095 0,001809419
0,0009657535 0,003699777 0,00226001 0,002070098 0,001816455
0,0009681132 0,003689582 0,002263869 0,00207103 0,001821242
0,0009681132 0,003689582 0,002263869 0,00207103 0,001821242
0,0009689362 0,003678138 0,002263634 0,002069648 0,001822067
0,0009694388 0,003674902 0,002261312 0,002067612 0,001820178
0,000968946 0,003675734 0,002258202 0,002065834 0,001817514
0,0009682045 0,003678432 0,00225556 0,002064472 0,001815165
