0,001141465 0,002003205 0,001605296 0,001724457 0,00137457
0,001141465 0,002003205 0,001605296 0,001724457 0,00137457
0,001135471 0,002010445 0,001605697 0,001724239 0,001374842
0,001131588 0,002016893 0,001604597 0,001722352 0,00137331
0,001132535 0,002024201 0,001606409 0,001722531 0,001374337
0,001130081 0,002034096 0,001608005 0,001721492 0,001374909
0,001131027 0,002042664 0,001614065 0,00172609 0,001380402
0,001131027 0,002042664 0,001614065 0,00172609 0,001380402
0,001127643 0,002043515 0,001614076 0,001726601 0,001380778
0,001136465 0,002038647 0,001609606 0,00172434 0,001378133
0,001144103 0,00203756 0,001608711 0,001725305 0,001378842
0,001154591 0,002049317 0,0016131 0,001725218 0,001382421
0,001169159 0,00207085 0,001624574 0,001727515 0,001390167
0,001169159 0,00207085 0,001624574 0,001727515 0,001390167
0,001163549 0,002087846 0,001624741 0,001728235 0,001393866
0,001165714 0,002106026 0,001630812 0,001730598 0,001399703
0,001172656 0,002129075 0,001641726 0,001732854 0,00140649
0,001165462 0,002150839 0,00164838 0,001734442 0,001410176
0,001166369 0,002164371 0,001654275 0,001733668 0,001412241
0,001168505 0,002194014 0,00166314 0,001730144 0,001413562
0,001168505 0,002194014 0,00166314 0,001730144 0,001413562
0,001130899 0,00223383 0,001671243 0,001732789 0,001420825
0,001117765 0,002266018 0,001681494 0,001730475 0,001425362
0,001011159 0,002315733 0,001727432 0,001791032 0,001473941
0,0009908611 0,002378302 0,001784497 0,001894118 0,001549935
0,001031871 0,0023996 0,001822466 0,002017115 0,001626233
0,001031871 0,0023996 0,001822466 0,002017115 0,001626233
0,001312677 0,002555129 0,001847461 0,00201642 0,001632404
0,0014727 0,002616394 0,001888658 0,002098005 0,001693347
0,001613644 0,002582741 0,001933834 0,002063132 0,001734868
0,001626914 0,002623694 0,001961804 0,002094095 0,001763034
0,00154278 0,00263516 0,001900639 0,002014939 0,001688854
0,001579583 0,002569584 0,001844918 0,001964418 0,001640755
0,001579583 0,002569584 0,001844918 0,001964418 0,001640755
0,001579079 0,002515175 0,001828899 0,00194761 0,001630492
0,00154768 0,002602118 0,001835601 0,001948397 0,001632165
0,001487033 0,002805877 0,001863852 0,001980326 0,001651329
0,001511524 0,002985343 0,001885158 0,001946623 0,001639451
0,00150019 0,003123438 0,001890374 0,001896895 0,001608339
0,00150019 0,003123438 0,001890374 0,001896895 0,001608339
0,001453574 0,003222194 0,001888378 0,001982873 0,001634263
0,001397348 0,003393927 0,001945937 0,001950998 0,001600859
0,001433311 0,003530621 0,001977351 0,001876338 0,001554577
0,001198046 0,003554618 0,001995058 0,001894013 0,001553337
0,001212005 0,003724147 0,001996312 0,001756798 0,001468376
0,001212005 0,003724147 0,001996312 0,001756798 0,001468376
0,001044885 0,003592372 0,001906934 0,001907359 0,001554224
0,001217018 0,002977957 0,001883111 0,001903106 0,001556885
0,001403327 0,002648236 0,001946012 0,001917158 0,001607807
0,001466947 0,002886929 0,001811561 0,001817089 0,001491512
0,00145028 0,002273883 0,001735761 0,001815692 0,001478234
0,00145028 0,002273883 0,001735761 0,001815692 0,001478234
0,001364679 0,002424994 0,001661246 0,001785658 0,001434145
0,001332475 0,002528656 0,001694994 0,001796818 0,001454836
0,001281769 0,002551311 0,001721092 0,001783643 0,001456956
0,001257585 0,002699328 0,001761101 0,001762156 0,001461425
0,001085642 0,003033934 0,001921193 0,001784337 0,001526592
0,001120307 0,003138165 0,002002887 0,00178585 0,001566296
0,001120307 0,003138165 0,002002887 0,00178585 0,001566296
0,000951833 0,003132141 0,001971589 0,001901068 0,001603598
0,001148744 0,002743093 0,001926685 0,002088784 0,001695216
0,001412566 0,002356075 0,00191825 0,00212933 0,001714243
0,001345844 0,002275212 0,001856115 0,002169996 0,001708755
0,001638669 0,002574978 0,001972335 0,002172579 0,001767007
0,001638669 0,002574978 0,001972335 0,002172579 0,001767007
0,001473464 0,002845677 0,001897593 0,002034747 0,001663305
0,001411006 0,002983485 0,001882992 0,00205018 0,001667341
0,001420418 0,003016099 0,001896363 0,002007367 0,001650185
0,001374698 0,003082346 0,001936292 0,002012036 0,001677611
0,00140939 0,003218558 0,001915707 0,001935512 0,0016428
0,00140939 0,003218558 0,001915707 0,001935512 0,0016428
0,001400751 0,003152805 0,001921133 0,001986491 0,001670624
0,001396126 0,003084074 0,001913163 0,001952973 0,001639073
0,001368604 0,003146718 0,001898345 0,001935727 0,001621764
0,00136242 0,003138883 0,001881677 0,001942818 0,00162325
0,001411857 0,003215442 0,001879837 0,001915156 0,001612601
0,001384066 0,003286548 0,001878002 0,001943528 0,001616629
0,001384066 0,003286548 0,001878002 0,001943528 0,001616629
0,001282926 0,003350503 0,001875239 0,0019831 0,001638693
0,001288554 0,003379113 0,001863232 0,00193666 0,001602219
0,001210124 0,003402242 0,001865111 0,001890717 0,001540141
0,001249961 0,003383448 0,001850018 0,001859402 0,001515071
0,001091826 0,003458979 0,001826177 0,001870114 0,001496951
0,001091826 0,003458979 0,001826177 0,001870114 0,001496951
0,000944947 0,003661367 0,001727108 0,001791519 0,001414988
0,0009652966 0,003826684 0,001726288 0,00175112 0,001390868
0,001000179 0,003962367 0,001750935 0,001777879 0,00142928
0,001146094 0,004117623 0,001758916 0,001744342 0,00143481
0,001253962 0,003870261 0,001755963 0,001788947 0,001472562
0,001253962 0,003870261 0,001755963 0,001788947 0,001472562
0,001331451 0,003702096 0,001689116 0,001797221 0,001455687
0,001395431 0,003830571 0,001668375 0,001806892 0,001454567
0,001386243 0,002151828 0,001700351 0,001821495 0,001472056
0,001371514 0,00214778 0,001712138 0,001829195 0,001478203
0,001365838 0,002279855 0,001725491 0,001830646 0,001480965
0,001363058 0,002298079 0,001729182 0,001832456 0,001482907
0,001363058 0,002298079 0,001729182 0,001832456 0,001482907
0,001355164 0,002243569 0,001729212 0,001832643 0,001484147
0,001338408 0,002188716 0,001717668 0,001824571 0,001476038
0,00133976 0,002158607 0,001707025 0,001812385 0,00146617
0,001337799 0,002090325 0,001666758 0,001789568 0,001438112
0,001339724 0,002082866 0,001653278 0,001778617 0,001427039
0,001339724 0,002082866 0,001653278 0,001778617 0,001427039
0,001307351 0,002100104 0,001627757 0,001766153 0,00140994
0,001292877 0,002112995 0,001627202 0,001764595 0,001408534
0,001287452 0,002118507 0,001629834 0,001765724 0,001410077
0,001280348 0,002114637 0,001632935 0,001767797 0,001411978
0,001284035 0,002113094 0,001637844 0,001770557 0,001415731
0,001285415 0,002106947 0,001640027 0,001773902 0,001418001
0,001285415 0,002106947 0,001640027 0,001773902 0,001418001
0,001288011 0,002100947 0,001641396 0,001776606 0,001419933
0,001290006 0,002099288 0,001642684 0,001777346 0,001421026
0,001289665 0,002104758 0,00164424 0,001778947 0,001422524
0,001290304 0,002108514 0,001645347 0,001779128 0,001423183
0,001287986 0,002111611 0,001645617 0,001779616 0,001423465
