-0,06563455 -0,1298554 0,2778106
-0,06650728 -0,1281792 0,2767956
-0,06782687 -0,1246111 0,2754829
-0,06782687 -0,1246111 0,2754829
-0,06988889 -0,1149254 0,2698648
-0,07225728 -0,1033754 0,2639625
-0,07588816 -0,08652568 0,2548466
-0,07990855 -0,06914449 0,2452557
-0,0858708 -0,05101442 0,2326717
-0,0858708 -0,05101442 0,2326717
-0,08972257 -0,03496778 0,2243185
-0,09422868 -0,01872885 0,2150152
-0,09876561 -0,006755948 0,2041074
-0,1031528 0,006185174 0,1960702
-0,1076473 0,01676857 0,1851776
-0,1076473 0,01676857 0,1851776
-0,1102115 0,01947165 0,1779021
-0,1121105 0,02208102 0,1714938
-0,1132119 0,02007115 0,1667781
-0,113555 0,01316488 0,1655095
-0,1127471 0,001906157 0,167267
-0,1127471 0,001906157 0,167267
-0,1119829 -0,01616287 0,1704128
-0,1109632 -0,03292656 0,1740985
-0,1084304 -0,05278254 0,1828567
-0,1069852 -0,0700407 0,1918722
-0,1069852 -0,0700407 0,1918722
-0,1008325 -0,08888137 0,2087432
-0,09739155 -0,1053782 0,219015
-0,09346503 -0,1207247 0,2323236
-0,09073538 -0,1312413 0,2412702
-0,08545065 -0,1415895 0,2505364
-0,08545065 -0,1415895 0,2505364
-0,08035576 -0,1452248 0,2590017
-0,07544523 -0,1475042 0,2674553
-0,06799752 -0,1450992 0,2773378
-0,06463587 -0,1348218 0,2791538
-0,06004673 -0,1194639 0,2805804
-0,06004673 -0,1194639 0,2805804
-0,05792522 -0,0931952 0,2789572
-0,05480039 -0,06534338 0,2762779
-0,05316401 -0,03329456 0,2717298
-0,05111969 -0,01002586 0,2686532
-0,0521152 0,02179337 0,2619549
-0,0521152 0,02179337 0,2619549
-0,05512768 0,0502404 0,2556019
-0,05767858 0,07647991 0,2478395
-0,0582 0,09465504 0,2441629
-0,05729753 0,1084514 0,2434918
-0,05780607 0,1271646 0,2403229
-0,05780607 0,1271646 0,2403229
-0,05644554 0,131245 0,238065
-0,05595636 0,1428952 0,2346066
-0,055704 0,1523857 0,2315366
-0,05599326 0,1631504 0,223727
-0,05599326 0,1631504 0,223727
-0,05180365 0,1527632 0,2282575
-0,051314 0,1561643 0,2263891
-0,05139256 0,1626554 0,2244244
-0,05088186 0,1645267 0,2241657
-0,05080634 0,1650001 0,2239125
-0,05040234 0,1632125 0,224268
-0,05040234 0,1632125 0,224268
-0,05019981 0,1629277 0,2246354
-0,05024302 0,1626301 0,224593
-0,05003631 0,161847 0,2244176
-0,05027699 0,1636152 0,2243963
-0,05027699 0,1636152 0,2243963
-0,04891956 0,1593581 0,2245891
-0,0479818 0,1565455 0,2248499
-0,04590422 0,1507608 0,2262266
-0,04414594 0,1468042 0,227236
-0,04432803 0,1502595 0,2248123
-0,04432803 0,1502595 0,2248123
-0,04376096 0,1540831 0,2237283
-0,04409361 0,1568025 0,2226412
-0,04356927 0,1561326 0,2227621
-0,04355711 0,1561238 0,2220832
-0,04350609 0,1567976 0,2222041
-0,04350609 0,1567976 0,2222041
-0,04332066 0,1560622 0,2222862
-0,04356682 0,1564573 0,2223415
-0,04317629 0,1559516 0,2225289
-0,0430963 0,1566114 0,2227975
-0,04309618 0,156026 0,2219322
-0,04309618 0,156026 0,2219322
-0,0430274 0,1559883 0,2225658
-0,0428322 0,1549579 0,2227926
-0,04250616 0,1544696 0,2229267
-0,0427503 0,154892 0,2229222
-0,0427503 0,154892 0,2229222
-0,042642 0,1546926 0,2229377
-0,04255885 0,1548133 0,2230114
-0,04237342 0,1546245 0,2229773
-0,04266548 0,1547372 0,2229034
-0,04281604 0,1542009 0,2228088
-0,04281604 0,1542009 0,2228088
-0,04251301 0,1542454 0,2229396
-0,04234129 0,153827 0,2226907
-0,04245651 0,1542283 0,222506
-0,04239494 0,1544367 0,2226217
-0,04244518 0,1549447 0,222671
-0,04244518 0,1549447 0,222671
-0,04240865 0,1540458 0,2227709
-0,04241139 0,1541268 0,2227296
-0,04263043 0,1536881 0,2225199
-0,04248083 0,1539452 0,2223469
-0,0425663 0,1539237 0,2225308
-0,0425663 0,1539237 0,2225308
-0,04268092 0,1536437 0,2226739
-0,04271042 0,1536721 0,2227645
-0,04269791 0,1533304 0,2230932
-0,04266691 0,1533425 0,223016
-0,04292238 0,1533468 0,2236484
