-0,05937338 -0,1328989 0,3064916
-0,06061041 -0,1349162 0,3063955
-0,0613004 -0,1371882 0,30687
-0,0629496 -0,1394843 0,3069699
-0,06510007 -0,1433566 0,3073519
-0,06796938 -0,1469972 0,3074901
-0,06796938 -0,1469972 0,3074901
-0,07312495 -0,1517991 0,3081645
-0,07872945 -0,1563593 0,3088067
-0,08501941 -0,1611518 0,3090744
-0,09246546 -0,1662918 0,3101481
-0,09246546 -0,1662918 0,3101481
-0,1003603 -0,1712187 0,3109937
-0,1096794 -0,1748928 0,3117554
-0,1206467 -0,1764746 0,310923
-0,1293156 -0,1797738 0,3127432
-0,1392765 -0,1804357 0,3150957
-0,1392765 -0,1804357 0,3150957
-0,1482286 -0,1792124 0,317751
-0,1572285 -0,1757513 0,3205507
-0,1662654 -0,1696317 0,3232942
-0,1755313 -0,160203 0,3258141
-0,1830397 -0,1484286 0,3292894
-0,1830397 -0,1484286 0,3292894
-0,1869267 -0,1351442 0,3313645
-0,1898022 -0,1208084 0,3333901
-0,1903868 -0,1070696 0,3346269
-0,1879259 -0,09452486 0,3352336
-0,184702 -0,08162689 0,3360827
-0,184702 -0,08162689 0,3360827
-0,1782383 -0,07104301 0,3366888
-0,1715155 -0,06176925 0,3359008
-0,1653009 -0,05144298 0,3367293
-0,1590747 -0,04163671 0,3371785
-0,1506541 -0,03554773 0,336354
-0,1506541 -0,03554773 0,336354
-0,1415291 -0,03221822 0,3358855
-0,1321833 -0,03029275 0,3343203
-0,1211077 -0,03299189 0,3325261
-0,1107488 -0,03715551 0,3302116
-0,100669 -0,04178214 0,3278916
-0,100669 -0,04178214 0,3278916
-0,08989757 -0,05320084 0,3242849
-0,07824111 -0,06434798 0,3221444
-0,06643718 -0,07843471 0,3199009
-0,05574667 -0,08951104 0,3165352
-0,05574667 -0,08951104 0,3165352
-0,04484755 -0,102966 0,3124086
-0,03358728 -0,1144631 0,3086208
-0,02240688 -0,127015 0,3042116
-0,01158851 -0,1352336 0,2983135
-0,0002266765 -0,143648 0,2939488
-0,0002266765 -0,143648 0,2939488
0,01018244 -0,1491134 0,2891271
0,02134085 -0,1542789 0,284147
0,03212827 -0,1573552 0,2797601
0,04105556 -0,1574729 0,2746596
0,04858983 -0,156458 0,2697408
0,04858983 -0,156458 0,2697408
0,05561745 -0,1520076 0,2666463
0,06210625 -0,1453875 0,2637497
0,06711215 -0,1368009 0,260998
0,07151371 -0,124655 0,2596306
0,07487249 -0,1123616 0,2595799
0,07487249 -0,1123616 0,2595799
0,07516128 -0,1031849 0,2616806
0,07604921 -0,0888741 0,263427
0,07524526 -0,07677579 0,2664801
0,07367218 -0,06572306 0,2697301
0,0715071 -0,05387771 0,2737904
0,0715071 -0,05387771 0,2737904
0,06736887 -0,04468286 0,2773819
0,06235784 -0,03648663 0,280978
0,05684173 -0,03017271 0,284359
0,0502553 -0,02607322 0,2878165
0,04306591 -0,02341342 0,2922666
0,04306591 -0,02341342 0,2922666
0,03455257 -0,0247364 0,2962579
0,02586818 -0,02908897 0,3001597
0,01659828 -0,03664553 0,3026985
0,006428003 -0,04276693 0,3059689
0,006428003 -0,04276693 0,3059689
-0,003531992 -0,05468965 0,3088838
-0,01435763 -0,06558454 0,3112164
-0,02555531 -0,0779444 0,3124608
-0,0363732 -0,09124434 0,3142847
-0,04755378 -0,1068535 0,3154042
-0,04755378 -0,1068535 0,3154042
-0,06008554 -0,1192727 0,3149776
-0,07206798 -0,1322788 0,3165734
-0,08422935 -0,1445134 0,3169076
-0,09747136 -0,1533962 0,3164759
-0,1132658 -0,1595694 0,3173769
-0,1132658 -0,1595694 0,3173769
-0,1271933 -0,1643463 0,3205199
-0,1406361 -0,1693637 0,3223007
-0,1551632 -0,1711114 0,3235242
-0,1675444 -0,1712605 0,3266572
-0,179419 -0,1685393 0,3318
-0,179419 -0,1685393 0,3318
-0,1922201 -0,1592976 0,3364054
-0,2030678 -0,1513375 0,3413236
-0,2133259 -0,1385083 0,3464125
-0,2194793 -0,1247754 0,3504705
-0,2262786 -0,1059682 0,3531373
-0,2262786 -0,1059682 0,3531373
-0,2227638 -0,0889256 0,3534569
-0,2190861 -0,07339692 0,353893
-0,2109107 -0,0598855 0,3551911
-0,2011365 -0,04848361 0,3556117
-0,1906011 -0,03554344 0,3570538
-0,1906011 -0,03554344 0,3570538
-0,1775234 -0,02588749 0,3557767
-0,1639255 -0,01817572 0,353783
-0,1505201 -0,01422 0,3505025
-0,1360772 -0,0119499 0,3475056
-0,1360772 -0,0119499 0,3475056
-0,1228741 -0,01074803 0,3451796
-0,1080471 -0,01305747 0,3420717
-0,09368294 -0,01662683 0,3396057
-0,07992816 -0,02265882 0,3356136
-0,06642771 -0,03062224 0,3321294
-0,06642771 -0,03062224 0,3321294
-0,05453777 -0,04131508 0,3282212
-0,04197264 -0,05439937 0,3236105
-0,02945751 -0,06912041 0,3190763
-0,01731527 -0,08270311 0,3143529
-0,006440341 -0,09976113 0,3090894
-0,006440341 -0,09976113 0,3090894
0,003874421 -0,1136936 0,3034804
0,01417458 -0,1287373 0,2969689
0,02402616 -0,1418924 0,2913463
0,03400409 -0,1524732 0,2857732
0,04157984 -0,1646708 0,2800155
0,04157984 -0,1646708 0,2800155
0,04924017 -0,1678792 0,2741058
0,0587368 -0,1700774 0,2687054
0,06824172 -0,1690718 0,263074
0,07453811 -0,1676275 0,2582713
0,08337677 -0,1601194 0,2532156
0,08337677 -0,1601194 0,2532156
0,09141862 -0,1473382 0,247677
0,09893358 -0,1356128 0,2442349
0,1066711 -0,1232495 0,2425705
0,1108851 -0,1110702 0,2410125
0,1108851 -0,1110702 0,2410125
0,112781 -0,1001803 0,242017
0,115258 -0,08718657 0,2427292
0,1164656 -0,07401097 0,2429788
0,1165816 -0,06304824 0,2445984
0,1160395 -0,05178642 0,2467043
0,1160395 -0,05178642 0,2467043
0,1139939 -0,04217255 0,2502531
0,1114005 -0,03354323 0,2542979
0,107101 -0,02803004 0,2587852
0,1029734 -0,02272654 0,2640414
0,09699869 -0,01743197 0,2677066
0,09699869 -0,01743197 0,2677066
0,09047222 -0,01730919 0,2734859
0,08258122 -0,01842856 0,2786348
0,07393068 -0,02211702 0,2832786
0,0654155 -0,02713668 0,2886946
0,05554789 -0,03671312 0,2933327
0,05554789 -0,03671312 0,2933327
0,04551792 -0,04850888 0,2977575
0,03474456 -0,06009102 0,3021183
0,02334863 -0,07248831 0,3052588
0,0123626 -0,08729744 0,3078517
-0,001428306 -0,1026626 0,3089432
-0,001428306 -0,1026626 0,3089432
-0,01371193 -0,115853 0,3083311
-0,0271529 -0,1281337 0,3089914
-0,04113483 -0,1412615 0,3091561
-0,05443275 -0,154761 0,3093668
-0,0688501 -0,163629 0,3087417
-0,0688501 -0,163629 0,3087417
-0,08187711 -0,1748984 0,309135
-0,09758574 -0,1802517 0,3076947
-0,1118103 -0,1860068 0,3081497
-0,126128 -0,1911585 0,3103046
-0,126128 -0,1911585 0,3103046
-0,1363106 -0,193648 0,3132492
-0,1487448 -0,1925879 0,3179333
-0,1637427 -0,1860663 0,3230636
-0,1785362 -0,1778346 0,3278785
-0,1966367 -0,1612372 0,3324045
-0,1966367 -0,1612372 0,3324045
-0,2084551 -0,1406786 0,3378021
-0,2192232 -0,120082 0,3431792
-0,2275264 -0,09776533 0,3478882
-0,2302111 -0,07761395 0,3494303
-0,2308815 -0,05810261 0,3517038
-0,2308815 -0,05810261 0,3517038
-0,2257729 -0,04099154 0,3519378
-0,2205669 -0,02022827 0,3542948
-0,206998 -0,01354122 0,3504025
-0,1958787 -0,005999088 0,3483115
-0,1862573 0,004981995 0,3505318
-0,1862573 0,004981995 0,3505318
-0,1725612 0,006103396 0,3503351
-0,1594342 0,006151557 0,3483876
-0,1447005 0,002705455 0,346927
-0,1320591 0,0004884005 0,3445562
-0,1192012 -0,01142907 0,3412325
-0,1192012 -0,01142907 0,3412325
-0,1064792 -0,02257454 0,340229
-0,09418529 -0,03337598 0,3380059
-0,08263648 -0,04300165 0,3357096
-0,07170063 -0,05487287 0,3319019
-0,0590747 -0,06645501 0,3296523
-0,0590747 -0,06645501 0,3296523
-0,04946381 -0,07895708 0,3245518
-0,03721285 -0,09145594 0,3209243
-0,02740252 -0,09804034 0,3163992
-0,01550984 -0,1070508 0,3118231
-0,01550984 -0,1070508 0,3118231
-0,004858553 -0,1195754 0,3068547
0,008048475 -0,125836 0,3045932
0,01922828 -0,1297853 0,298593
0,02907193 -0,1339241 0,2914962
0,04033118 -0,1394864 0,2862047
0,04033118 -0,1394864 0,2862047
0,05039483 -0,1375289 0,280858
0,06034678 -0,1357578 0,2766216
0,06983376 -0,1307042 0,2733978
0,0786804 -0,1231544 0,2702672
0,08715141 -0,1129282 0,2668116
0,08715141 -0,1129282 0,2668116
0,09359962 -0,1010382 0,2641921
0,1001248 -0,0883553 0,2617434
0,1062741 -0,0768894 0,2604285
0,1095183 -0,06669855 0,259416
0,1127079 -0,05598056 0,2588637
0,1127079 -0,05598056 0,2588637
0,1146905 -0,04295671 0,2604558
0,1159015 -0,03152931 0,2616767
0,116609 -0,02121246 0,263793
0,1139456 -0,01435697 0,2660248
0,1089183 -0,00858295 0,267535
0,1089183 -0,00858295 0,267535
0,1025138 -0,008786559 0,2698296
0,09687901 -0,007009029 0,2729366
0,0902878 -0,007339835 0,2773269
0,08305812 -0,00487709 0,2805455
0,08305812 -0,00487709 0,2805455
0,07476753 -0,009602547 0,2867692
0,06428593 -0,01585543 0,2915424
0,0543803 -0,02293921 0,2968392
0,04368663 -0,03293133 0,3027093
0,03169048 -0,04759884 0,3081434
0,03169048 -0,04759884 0,3081434
0,0203228 -0,06151521 0,3122954
0,008601427 -0,07090735 0,3177962
-0,004439771 -0,07846093 0,3220879
-0,01841688 -0,08829093 0,3249676
-0,03245932 -0,1038966 0,3289745
-0,03245932 -0,1038966 0,3289745
-0,04503828 -0,1185225 0,3338025
-0,06184101 -0,1293192 0,3342855
-0,07625937 -0,1436584 0,3334272
-0,09105742 -0,154929 0,3324983
-0,107904 -0,1612465 0,3330129
-0,107904 -0,1612465 0,3330129
-0,1229634 -0,1655748 0,3346999
-0,1368107 -0,1703569 0,3368922
-0,1503803 -0,1701798 0,3388988
-0,1639304 -0,1668412 0,3404081
-0,1755751 -0,1638901 0,3431995
-0,1755751 -0,1638901 0,3431995
-0,1853576 -0,1578379 0,3458278
-0,1943484 -0,1506059 0,3475562
-0,2001843 -0,1424052 0,3498999
-0,208597 -0,1279484 0,3505341
-0,2157337 -0,1103497 0,3536618
-0,2157337 -0,1103497 0,3536618
-0,2129945 -0,09713495 0,3526299
-0,2102035 -0,08319283 0,3525383
-0,2040876 -0,07110453 0,3522069
-0,1986154 -0,05739093 0,3528841
-0,1986154 -0,05739093 0,3528841
-0,1909812 -0,04443443 0,3535531
-0,1816849 -0,03214502 0,3541327
-0,1724613 -0,02026141 0,3533084
-0,1622934 -0,01049459 0,3514102
-0,1522744 -0,0002610683 0,3499947
-0,1522744 -0,0002610683 0,3499947
-0,1386351 0,0006409883 0,347119
-0,1258122 0,002545357 0,3436351
-0,1130747 0,0005337 0,3399135
-0,09954524 -0,003063202 0,3370459
-0,0858438 -0,007292628 0,3342891
-0,0858438 -0,007292628 0,3342891
-0,07190907 -0,01177812 0,3324044
-0,05882221 -0,02129066 0,3286207
-0,04635113 -0,03133845 0,3241957
-0,0345363 -0,04388881 0,3184078
-0,02243119 -0,05660474 0,3138489
-0,02243119 -0,05660474 0,3138489
-0,01049179 -0,06807995 0,3095477
0,0007033944 -0,07991743 0,304552
0,01147306 -0,09260499 0,2987852
0,01805466 -0,1037611 0,2924592
0,02582461 -0,1198218 0,2854712
0,02582461 -0,1198218 0,2854712
0,03585345 -0,1272579 0,2804965
0,04382706 -0,1349522 0,2745676
0,05385232 -0,1389221 0,2686158
0,06289732 -0,1436079 0,2640991
0,07153797 -0,1457016 0,2596674
0,07153797 -0,1457016 0,2596674
0,07936311 -0,1416931 0,2539923
0,08641326 -0,139365 0,2498019
0,09281361 -0,13166 0,2445877
0,09924144 -0,1249382 0,2411288
0,09924144 -0,1249382 0,2411288
0,1059723 -0,1155051 0,2389249
0,1105754 -0,1047024 0,2357755
0,1147479 -0,09453773 0,2338604
0,1191612 -0,08332908 0,2337294
0,1207489 -0,07410252 0,2330619
0,1207489 -0,07410252 0,2330619
0,1173352 -0,06508601 0,2330587
0,1159702 -0,05475187 0,2338941
0,1148691 -0,04719722 0,2383826
0,1089714 -0,04567027 0,2433259
0,1025689 -0,04240954 0,2473521
0,1025689 -0,04240954 0,2473521
0,09627235 -0,04022706 0,2511921
0,08999461 -0,03863287 0,2565289
0,08403152 -0,03666615 0,2621595
0,07642442 -0,04051161 0,268991
0,06681341 -0,04852581 0,2759054
0,06681341 -0,04852581 0,2759054
0,05425638 -0,06370628 0,280706
0,04459244 -0,07165837 0,2868664
0,03517365 -0,07867908 0,2930049
0,02434438 -0,08780038 0,2976166
0,01317424 -0,09586656 0,3018302
0,01317424 -0,09586656 0,3018302
0,002701581 -0,101625 0,309099
-0,009191573 -0,1134449 0,3161832
-0,02252579 -0,1242223 0,3176715
-0,03614807 -0,1318307 0,3212957
-0,05064636 -0,1378411 0,3226309
-0,05064636 -0,1378411 0,3226309
-0,06464666 -0,1494005 0,3210679
-0,07896495 -0,1616143 0,322551
-0,09153587 -0,1718115 0,3228947
-0,1081476 -0,1766019 0,3257616
-0,1081476 -0,1766019 0,3257616
-0,1216464 -0,17893 0,3237919
-0,1343774 -0,1828511 0,3258618
-0,1471218 -0,1856105 0,3285493
-0,1597455 -0,186616 0,3325411
-0,173618 -0,1842089 0,3337035
-0,173618 -0,1842089 0,3337035
-0,1831889 -0,1824977 0,3353717
-0,1946481 -0,1782967 0,3377351
-0,2036064 -0,1728401 0,3400581
-0,2138781 -0,1639886 0,3424971
-0,225257 -0,1493593 0,3444232
-0,225257 -0,1493593 0,3444232
-0,2258089 -0,137383 0,3462691
-0,2265774 -0,1248572 0,3475904
-0,2256144 -0,1107953 0,3482058
-0,2227376 -0,09548986 0,3491235
-0,2144921 -0,08285463 0,3487644
-0,2144921 -0,08285463 0,3487644
-0,2042857 -0,07364571 0,3466041
-0,1936793 -0,06402445 0,3449627
-0,183724 -0,05537248 0,3426869
-0,1710684 -0,04815972 0,3427043
-0,1630705 -0,03610396 0,3426828
-0,1630705 -0,03610396 0,3426828
-0,1499994 -0,03614557 0,3394775
-0,136932 -0,03501952 0,3372269
-0,1223447 -0,04014838 0,333873
-0,1095424 -0,04337716 0,3317057
-0,1095424 -0,04337716 0,3317057
-0,09586108 -0,0522542 0,3284624
-0,08210599 -0,06059396 0,3250687
-0,06904966 -0,07020235 0,3210984
-0,05577707 -0,08130348 0,3170738
-0,04258472 -0,09405708 0,3148534
-0,04258472 -0,09405708 0,3148534
-0,03238988 -0,1056111 0,3108089
-0,02143079 -0,1171694 0,3065717
-0,0111587 -0,1255288 0,3033696
-0,0008203387 -0,1326247 0,2996889
0,007142961 -0,1404438 0,2944191
0,007142961 -0,1404438 0,2944191
0,02125573 -0,1458803 0,2931796
0,0321613 -0,1528042 0,2885108
0,04206944 -0,1584039 0,2824386
0,05031252 -0,1649084 0,2765849
0,06029195 -0,1685972 0,2721111
0,06029195 -0,1685972 0,2721111
0,06965274 -0,1681927 0,267313
0,07796443 -0,1667362 0,2602563
0,08568573 -0,1647776 0,2536769
0,09345907 -0,1615372 0,2472092
0,1014435 -0,1551692 0,2406301
0,1014435 -0,1551692 0,2406301
0,1080443 -0,144605 0,2348406
0,1126215 -0,1354305 0,2305593
0,1167322 -0,1255796 0,2275164
0,1228364 -0,1135963 0,2250808
0,1259965 -0,1043503 0,2249706
0,1259965 -0,1043503 0,2249706
0,1300538 -0,09055996 0,2252818
0,1289981 -0,07986379 0,2246878
0,1242658 -0,07330763 0,2255121
0,1234657 -0,06378651 0,2264931
0,1210977 -0,05704582 0,2288208
0,1210977 -0,05704582 0,2288208
0,1156486 -0,05644774 0,2346809
0,1084652 -0,05654299 0,2392377
0,1015459 -0,05646181 0,2442284
0,09538025 -0,05605412 0,2488993
0,09538025 -0,05605412 0,2488993
0,08688122 -0,06090176 0,2556286
0,0776211 -0,0653578 0,2616234
0,06657225 -0,0713985 0,2669215
0,05541313 -0,07947671 0,272759
0,04442447 -0,0865196 0,2787063
0,04442447 -0,0865196 0,2787063
0,03269494 -0,0944823 0,2863131
0,01866293 -0,1104101 0,2938726
0,004583299 -0,129905 0,300566
-0,008951426 -0,138582 0,3067487
-0,02321076 -0,1419723 0,3155975
-0,02321076 -0,1419723 0,3155975
-0,04338676 -0,1549339 0,3127712
-0,0578984 -0,1698626 0,3148825
-0,07384694 -0,1821097 0,3205186
-0,09472001 -0,1826484 0,3231086
-0,1126213 -0,1860502 0,3241891
-0,1126213 -0,1860502 0,3241891
-0,1247683 -0,1887863 0,3275833
-0,1374304 -0,1911911 0,3312839
-0,1516814 -0,1898344 0,3350339
-0,1649077 -0,1890083 0,3347929
-0,1806842 -0,1863199 0,3381739
-0,1806842 -0,1863199 0,3381739
-0,1937608 -0,1804599 0,3413395
-0,2057816 -0,1727797 0,3450792
-0,2228263 -0,1584009 0,3542429
-0,2358333 -0,1414664 0,3629689
-0,2358333 -0,1414664 0,3629689
-0,2414787 -0,1269135 0,366596
-0,2415634 -0,1122339 0,3696313
-0,236706 -0,09888983 0,3709149
-0,2337198 -0,08376586 0,3709521
-0,2246261 -0,07336938 0,3711063
-0,2246261 -0,07336938 0,3711063
-0,2118523 -0,06436777 0,3698661
-0,1982271 -0,05782783 0,3674138
-0,18756 -0,04849994 0,3647505
-0,1772001 -0,04041016 0,361443
-0,1638209 -0,03674948 0,3578515
-0,1638209 -0,03674948 0,3578515
-0,147781 -0,03458917 0,3579462
-0,1307018 -0,03420877 0,3574424
-0,1142982 -0,03617978 0,3552884
-0,09887862 -0,04180264 0,3504175
-0,08701491 -0,04102802 0,3463929
-0,08701491 -0,04102802 0,3463929
-0,07389349 -0,04773796 0,3403057
-0,05962825 -0,05962336 0,3339055
-0,0455935 -0,07257962 0,3277612
-0,03134048 -0,08830869 0,3218908
-0,01741761 -0,09610772 0,3157094
-0,01741761 -0,09610772 0,3157094
-0,008590817 -0,1079905 0,3069972
0,003874838 -0,1205636 0,299709
0,01672959 -0,1264222 0,2949893
0,02761608 -0,1335553 0,2889786
0,02761608 -0,1335553 0,2889786
0,03907758 -0,1356132 0,282143
0,05086398 -0,1380663 0,2757512
0,0621168 -0,1386639 0,2703691
0,07078284 -0,1403856 0,2640122
0,08115608 -0,1354051 0,2568865
0,08115608 -0,1354051 0,2568865
0,08570105 -0,1305953 0,2525859
0,09220976 -0,1230978 0,2482355
0,09823358 -0,1142925 0,2435637
0,1026826 -0,1040108 0,2391959
0,108476 -0,09499061 0,2384052
0,108476 -0,09499061 0,2384052
0,1113688 -0,08269393 0,2374393
0,1136655 -0,07249153 0,2375987
0,1114546 -0,06025028 0,2368475
0,1066537 -0,05419636 0,237992
0,1035394 -0,04186583 0,238875
0,1035394 -0,04186583 0,238875
0,09794289 -0,0338726 0,2434863
0,09073091 -0,02714765 0,2470878
0,08293819 -0,02408099 0,2525845
0,07219845 -0,02480853 0,2574129
0,06172359 -0,0261668 0,262265
0,06172359 -0,0261668 0,262265
0,05107212 -0,02997935 0,2674464
0,03838462 -0,03409398 0,27301
0,02584112 -0,04482889 0,2783331
0,01464224 -0,05491102 0,2863628
0,004903853 -0,06112099 0,2934663
0,004903853 -0,06112099 0,2934663
-0,008786261 -0,0729574 0,3008009
-0,02426875 -0,08566797 0,3043715
-0,03896958 -0,09831619 0,3114028
-0,05715513 -0,1196027 0,3157041
-0,07312065 -0,1339555 0,3174578
-0,07312065 -0,1339555 0,3174578
-0,08974969 -0,141638 0,3173846
-0,1082718 -0,1487594 0,3201916
-0,1232754 -0,1560515 0,3201598
-0,1388014 -0,1618044 0,321346
-0,1388014 -0,1618044 0,321346
-0,1541928 -0,1626557 0,3242931
-0,1682464 -0,1637399 0,3276546
-0,1824883 -0,1625302 0,3309891
-0,1958874 -0,1598754 0,3306767
-0,208331 -0,1551273 0,3316691
-0,208331 -0,1551273 0,3316691
-0,2152364 -0,1485635 0,3338641
-0,2213175 -0,1446409 0,3342223
-0,2247966 -0,1402087 0,3336865
-0,227537 -0,1347275 0,3338243
-0,2302804 -0,1268888 0,3340412
-0,2302804 -0,1268888 0,3340412
-0,2314937 -0,1195668 0,3347423
-0,2332863 -0,1116477 0,3357114
