0,02071734 -0,1602726 0,2330263
0,02055714 -0,1600199 0,2327897
0,02055714 -0,1600199 0,2327897
0,02035038 -0,1599035 0,2326889
0,02013621 -0,1597365 0,2325545
0,01990196 -0,159468 0,2323142
0,0196691 -0,159038 0,2319498
0,01939362 -0,1586884 0,2315396
0,01925234 -0,1584074 0,231183
0,01925234 -0,1584074 0,231183
0,01930406 -0,158505 0,2310923
0,0193299 -0,158704 0,231047
0,01936003 -0,1590108 0,2312001
0,01966304 -0,1597748 0,2318385
0,01994522 -0,1609087 0,2329989
0,01994522 -0,1609087 0,2329989
0,02049275 -0,1636198 0,2359098
0,02102499 -0,1668905 0,2401586
0,02190138 -0,1696621 0,245246
0,0238012 -0,1720267 0,2532862
0,02611033 -0,1742073 0,2626618
0,02885033 -0,1718979 0,272961
0,02885033 -0,1718979 0,272961
0,03264725 -0,1527045 0,2831926
0,03667237 -0,1290064 0,2944822
0,04171886 -0,09816518 0,3036324
0,04536569 -0,06080589 0,3049666
0,04915762 -0,01988438 0,3013585
0,04915762 -0,01988438 0,3013585
0,04992418 0,01738837 0,2862305
0,05203215 0,05444257 0,2718756
0,05275097 0,0794405 0,2578464
0,05367029 0,1090864 0,2418723
0,05189777 0,1280874 0,2348617
0,05189777 0,1280874 0,2348617
0,04941731 0,1391435 0,2294767
0,04615512 0,1481894 0,2260232
0,04271272 0,1587004 0,2230341
0,03943506 0,1552234 0,2224549
0,03671769 0,152369 0,222116
0,0343841 0,1440372 0,2255987
0,0343841 0,1440372 0,2255987
0,03318381 0,1341359 0,2281609
0,0324489 0,1293574 0,2288432
0,03243582 0,1275466 0,2293783
0,03255021 0,1263133 0,2295561
0,03258568 0,1239324 0,2304318
0,03258568 0,1239324 0,2304318
0,03237735 0,1191009 0,2326035
0,03218716 0,1153194 0,233972
0,03186229 0,1133784 0,2351164
0,03256672 0,1119129 0,2348972
0,03279137 0,1080155 0,2355608
0,03279137 0,1080155 0,2355608
0,03300133 0,1065943 0,2359366
0,0331668 0,1056587 0,2362484
0,03284295 0,1045442 0,2360733
0,03326303 0,1040803 0,2363071
0,0328223 0,1035399 0,2360511
0,03291757 0,1026222 0,2363463
0,03291757 0,1026222 0,2363463
0,03277622 0,1008586 0,2362574
0,03275005 0,1004443 0,2362054
0,03271116 0,1009915 0,2363357
0,03262197 0,09995703 0,2362065
0,03239452 0,09860499 0,2365723
0,03239452 0,09860499 0,2365723
0,03236621 0,09775034 0,236632
0,0322475 0,09733672 0,2367787
0,03186048 0,09647946 0,2370286
0,03141528 0,09574741 0,2371124
0,03084367 0,09515078 0,2374423
0,03084367 0,09515078 0,2374423
0,03068939 0,0951221 0,237212
0,03052259 0,09432636 0,2373421
0,03036052 0,09349096 0,2376311
0,03007626 0,09359476 0,237622
0,02986211 0,09377287 0,2375966
0,02970413 0,09363663 0,2375422
0,02970413 0,09363663 0,2375422
0,02997413 0,09267718 0,237613
0,03003426 0,09259865 0,2377789
0,03001358 0,09254462 0,2376662
0,03008492 0,0914125 0,2378578
0,03018394 0,09030353 0,2382436
0,03018394 0,09030353 0,2382436
0,03023322 0,08912234 0,2385454
0,03014304 0,08879885 0,2388098
0,03028019 0,08725324 0,2394809
0,03034265 0,08615442 0,2398474
0,03046805 0,08592801 0,2401431
0,03046805 0,08592801 0,2401431
0,03048206 0,08558615 0,2401511
0,03041102 0,08528191 0,2402175
0,03037154 0,08522044 0,2401144
0,03043497 0,08506134 0,2399616
0,03037754 0,08521833 0,2400749
0,0300932 0,08519863 0,2399678
0,0300932 0,08519863 0,2399678
0,03000087 0,08500719 0,2400852
0,02992221 0,08464515 0,2402173
0,02978733 0,08379471 0,2402861
0,02963831 0,08255219 0,2405767
0,0295778 0,08216161 0,2407898
0,0295778 0,08216161 0,2407898
0,02960807 0,0812213 0,2408334
0,02967311 0,08078532 0,2410715
0,02975198 0,08014089 0,2413176
0,02990188 0,07954898 0,2415115
