0,06492255 -0,1637251 0,2459489
0,06492255 -0,1637251 0,2459489
0,06527275 -0,1623841 0,2462556
0,06583106 -0,1601324 0,2465135
0,06628177 -0,1576557 0,2469855
0,06669796 -0,1547817 0,2477116
0,06717645 -0,1509761 0,2488832
0,06717645 -0,1509761 0,2488832
0,06670329 -0,1490715 0,2500808
0,06613156 -0,1473336 0,2512621
0,06523842 -0,1462179 0,2527981
0,06414487 -0,1453478 0,2537984
0,06182071 -0,1471288 0,254984
0,05894166 -0,1496641 0,2563114
0,05894166 -0,1496641 0,2563114
0,05421282 -0,1543046 0,2558433
0,04923317 -0,1593564 0,255261
0,04269394 -0,1660746 0,2537982
0,03639949 -0,1714392 0,2517528
0,02840279 -0,1794645 0,2493438
0,02840279 -0,1794645 0,2493438
0,01935775 -0,1875654 0,2461001
0,009407219 -0,1914252 0,2446585
-0,002018856 -0,1922046 0,2443176
-0,006502616 -0,1910289 0,2385526
-0,01292606 -0,1842097 0,2299712
-0,01292606 -0,1842097 0,2299712
-0,01474751 -0,1712748 0,223479
-0,01567812 -0,1594158 0,2188738
-0,01639905 -0,1461156 0,2162838
-0,01744816 -0,1323124 0,2168567
-0,01706169 -0,1233478 0,2210254
-0,01543689 -0,109878 0,2227925
-0,01543689 -0,109878 0,2227925
-0,008399356 -0,09908348 0,221695
-0,002647829 -0,090486 0,2232323
0,002149728 -0,08260682 0,2259914
0,00705295 -0,07570922 0,2291842
0,01236548 -0,07310562 0,2330543
0,01236548 -0,07310562 0,2330543
0,01881488 -0,07387751 0,2343413
0,02497476 -0,07343188 0,2363196
0,03107785 -0,07728893 0,2385146
0,03691061 -0,08258089 0,2405175
0,0425709 -0,0915443 0,2419722
0,0425709 -0,0915443 0,2419722
0,04832955 -0,1017061 0,2439359
0,05422167 -0,1148413 0,2450424
0,06021225 -0,127741 0,2455527
0,06821565 -0,1382478 0,2453765
0,07642394 -0,1494256 0,2454703
0,07642394 -0,1494256 0,2454703
0,08729736 -0,1572023 0,2465337
0,09678657 -0,1663581 0,2474213
0,1060664 -0,1756142 0,2478233
0,1154502 -0,178519 0,2466052
0,1254083 -0,1771643 0,2515476
0,1356361 -0,1743828 0,2536963
0,1356361 -0,1743828 0,2536963
0,146184 -0,1668746 0,2579252
0,1553928 -0,1558327 0,257597
0,1645719 -0,1446347 0,258118
0,1680645 -0,1349772 0,2597834
0,1715175 -0,1213692 0,2586897
0,1715175 -0,1213692 0,2586897
0,1696404 -0,1086567 0,26159
0,1706094 -0,09443161 0,261997
0,1692584 -0,08191082 0,263989
0,1670035 -0,07025746 0,2646139
0,1600271 -0,06422684 0,2668858
0,1600271 -0,06422684 0,2668858
0,1517339 -0,05985484 0,2700492
0,1440448 -0,05617076 0,2727068
0,1356436 -0,05452561 0,2750156
0,1265526 -0,05554658 0,2771352
0,1169688 -0,05765638 0,2788417
0,1067681 -0,06247756 0,280506
0,1067681 -0,06247756 0,280506
0,09576534 -0,06898436 0,2818645
0,08280846 -0,07806414 0,2836851
0,07057493 -0,08648911 0,2848988
0,05850086 -0,09643984 0,2839514
0,04582719 -0,1078322 0,2836537
0,04582719 -0,1078322 0,2836537
0,03488908 -0,1155519 0,2785945
0,02169912 -0,127119 0,2749127
0,008916598 -0,1368233 0,2721015
-0,00403519 -0,1483894 0,2678324
-0,01858972 -0,1579585 0,2622404
-0,01858972 -0,1579585 0,2622404
-0,03158972 -0,1646883 0,2601229
-0,04369804 -0,1703457 0,253119
-0,05731491 -0,1715724 0,2459555
-0,07075788 -0,1722083 0,2386871
-0,08271764 -0,1725855 0,2299468
-0,09441403 -0,168748 0,2251059
-0,09441403 -0,168748 0,2251059
-0,1064654 -0,1598872 0,2205189
-0,1162292 -0,1514543 0,215477
-0,1232715 -0,1410691 0,2132507
-0,1307283 -0,1282928 0,2105555
-0,1350265 -0,1107335 0,2075271
-0,1350265 -0,1107335 0,2075271
-0,1365027 -0,09499779 0,206292
-0,1362927 -0,07802501 0,2047855
-0,1339893 -0,06302208 0,2045981
-0,1287572 -0,04913068 0,2061002
-0,1246062 -0,03419702 0,2074613
-0,1246062 -0,03419702 0,2074613
-0,1164749 -0,02264655 0,2120855
-0,1077327 -0,01201588 0,2161867
-0,09728595 -0,004322276 0,2212751
-0,08667092 0,003283873 0,2255625
-0,07449252 0,004284486 0,231367
-0,0628216 0,0088595 0,2351147
-0,0628216 0,0088595 0,2351147
-0,05254802 0,002875999 0,2415401
-0,04111863 -0,001004115 0,2454503
-0,03044593 -0,004496813 0,2483213
-0,0198684 -0,01206771 0,2517197
-0,01132435 -0,02328748 0,2547029
-0,01132435 -0,02328748 0,2547029
-0,003097642 -0,03583461 0,2570096
0,005468449 -0,04857332 0,2595691
0,01375166 -0,06551698 0,2600443
0,02268363 -0,08139944 0,2612375
0,03134048 -0,09643552 0,2618426
0,04101362 -0,1123395 0,2608896
0,04101362 -0,1123395 0,2608896
0,05097084 -0,1247455 0,2597846
0,06263641 -0,1367006 0,2579556
0,07405614 -0,1474271 0,2582984
0,08701736 -0,1564263 0,2572975
0,0995566 -0,1627062 0,2563981
0,0995566 -0,1627062 0,2563981
0,1111446 -0,1661042 0,2553011
0,1236804 -0,1675571 0,2569638
0,1348311 -0,1679637 0,2590885
0,1487485 -0,1615379 0,2591971
0,1621077 -0,1542946 0,2602446
0,1621077 -0,1542946 0,2602446
0,1729263 -0,143188 0,2603649
0,1828134 -0,1313946 0,2613153
0,1906938 -0,1197032 0,2612523
0,1966032 -0,1065365 0,2625869
0,1958152 -0,09411961 0,2646524
0,1963555 -0,08141389 0,266634
0,1963555 -0,08141389 0,266634
0,1936357 -0,06611875 0,268996
0,1887719 -0,05329409 0,2680233
0,1840973 -0,0411725 0,2678432
0,1706897 -0,03277951 0,2717254
0,161622 -0,02781588 0,2714067
0,161622 -0,02781588 0,2714067
0,1519999 -0,02028012 0,2714246
0,140454 -0,01455659 0,2713035
0,1280219 -0,01279628 0,2714801
0,116177 -0,01132017 0,2716323
0,1035031 -0,01189294 0,2712677
0,1035031 -0,01189294 0,2712677
0,09118474 -0,0157516 0,2697183
0,07734878 -0,02157307 0,2687795
0,06494517 -0,03130898 0,2677139
0,05161627 -0,04149061 0,2667034
0,03925965 -0,05171898 0,2643339
0,02742806 -0,06032419 0,2638395
0,02742806 -0,06032419 0,2638395
0,01594754 -0,07130432 0,2606156
0,0044236 -0,08314145 0,2571153
-0,006289233 -0,09366071 0,2519306
-0,01739065 -0,1056302 0,2471019
-0,02627441 -0,116276 0,2429172
-0,02627441 -0,116276 0,2429172
-0,0355052 -0,1248894 0,2374921
-0,04524214 -0,1332341 0,2330344
-0,05448417 -0,1417231 0,2309138
-0,0637591 -0,1501779 0,2285018
-0,07136484 -0,1479234 0,2214717
-0,07136484 -0,1479234 0,2214717
-0,07835308 -0,1447045 0,2144853
-0,0832449 -0,1404713 0,2077981
-0,08872708 -0,1325004 0,2030568
-0,09405684 -0,1236748 0,1997605
-0,09822142 -0,1131334 0,1982851
-0,103081 -0,100727 0,1958382
-0,103081 -0,100727 0,1958382
-0,1005828 -0,08958469 0,194833
-0,09867304 -0,07744342 0,1938663
-0,0951956 -0,06522518 0,192357
-0,09040616 -0,05333075 0,1919766
-0,08607377 -0,0443 0,1951432
-0,08607377 -0,0443 0,1951432
-0,07867011 -0,03767422 0,1991084
-0,07157066 -0,03035954 0,2026502
-0,06270222 -0,02389988 0,2064168
-0,0534618 -0,01874508 0,2116287
-0,04337582 -0,01608278 0,2171021
-0,03336499 -0,01591678 0,2227394
-0,03336499 -0,01591678 0,2227394
-0,02254823 -0,01829645 0,227614
-0,01238031 -0,02009603 0,2327715
-0,001688447 -0,02300243 0,2380734
0,007680469 -0,02872275 0,2434989
0,01681249 -0,03474212 0,2484254
0,01681249 -0,03474212 0,2484254
0,02672181 -0,04546407 0,2521934
0,03711356 -0,05560839 0,2561951
0,04577633 -0,06414026 0,2592662
0,05430509 -0,07472804 0,2625742
0,06255754 -0,08349884 0,2651712
0,06255754 -0,08349884 0,2651712
0,06913927 -0,09525859 0,2660483
0,0747928 -0,1076409 0,2668275
0,08080354 -0,1145409 0,2666751
0,08644976 -0,1229338 0,2671743
0,08985296 -0,130282 0,2671521
0,0935427 -0,1353554 0,2677908
0,0935427 -0,1353554 0,2677908
0,0949359 -0,1386192 0,26653
0,09769586 -0,1412241 0,2651327
0,09864491 -0,1428549 0,2646497
0,09915521 -0,1444891 0,2640178
0,09953034 -0,1441041 0,2635559
0,09953034 -0,1441041 0,2635559
0,09948634 -0,1445186 0,263258
