0,03421072 -0,1788687 0,2336316
0,0340084 -0,178471 0,2334265
0,03391012 -0,1780466 0,2332457
0,03389036 -0,1775088 0,2330367
0,03382203 -0,177037 0,2328124
0,03390867 -0,1768167 0,2326673
0,03390867 -0,1768167 0,2326673
0,03390459 -0,1769592 0,2328462
0,03398814 -0,1770774 0,2331104
0,0342534 -0,1778111 0,2340341
0,03448541 -0,1789209 0,2354627
0,03476215 -0,1805663 0,2376496
0,03476215 -0,1805663 0,2376496
0,0351694 -0,1828434 0,2411315
0,03605919 -0,1853871 0,2463078
0,0374862 -0,1870119 0,2517766
0,03978441 -0,1847487 0,2597746
0,04198605 -0,1807711 0,2674524
0,04372694 -0,1739092 0,2738522
0,04372694 -0,1739092 0,2738522
0,0431876 -0,1605095 0,2826857
0,04350311 -0,1417687 0,2947143
0,04476995 -0,1191883 0,3041691
0,04766642 -0,08588913 0,3075647
0,04832728 -0,05576831 0,3092406
0,04832728 -0,05576831 0,3092406
0,05019312 -0,01443917 0,2970208
0,05143473 0,0224922 0,2881267
0,05201474 0,05588196 0,2725015
0,05259508 0,08393966 0,260082
0,05212958 0,1006791 0,247505
0,05212958 0,1006791 0,247505
0,04919032 0,1224583 0,2364567
0,04784009 0,1423402 0,2308182
0,04488333 0,144924 0,2281097
0,04150777 0,1516564 0,226313
0,04006619 0,1543649 0,2248441
0,03676856 0,1502103 0,2274586
0,03676856 0,1502103 0,2274586
0,03604311 0,1434128 0,2284012
0,03372446 0,1349876 0,2309916
0,03298982 0,1319343 0,2321435
0,03190651 0,1290233 0,233395
0,03038991 0,1283817 0,2353102
0,03038991 0,1283817 0,2353102
0,03070256 0,1268848 0,2351766
0,03021135 0,1227697 0,2361537
0,02984972 0,1162625 0,2372176
0,02953118 0,1161092 0,2377571
0,02968139 0,1146384 0,2384178
0,03004123 0,1137456 0,2386621
0,03004123 0,1137456 0,2386621
0,02997699 0,1117273 0,2393187
0,03012423 0,1109878 0,2396792
0,03078949 0,1094287 0,2399402
0,03099412 0,1084295 0,239857
0,03137225 0,1074521 0,240207
0,03137225 0,1074521 0,240207
0,03189187 0,1051657 0,2406387
0,03197112 0,1042343 0,2407643
0,0323353 0,1022343 0,2412643
0,03232012 0,1013093 0,2414277
0,03298289 0,1012716 0,2417269
0,03298289 0,1012716 0,2417269
0,03244628 0,1012028 0,242
0,03241194 0,1007871 0,2423671
0,03226044 0,09990597 0,2427928
0,03231893 0,09924546 0,2430589
0,03225335 0,09780194 0,2441537
0,03252998 0,09840006 0,2438278
0,03252998 0,09840006 0,2438278
