0,03938364 -0,09215117 0,2739697
0,03952222 -0,09244484 0,2741794
0,04096697 -0,09277818 0,2751639
0,04096697 -0,09277818 0,2751639
0,0426027 -0,09355822 0,276825
0,04476454 -0,09404162 0,2787182
0,04712332 -0,09454256 0,2807289
0,05063191 -0,09496725 0,2826021
0,05429592 -0,09464207 0,2848542
0,05910361 -0,09302977 0,287107
0,05910361 -0,09302977 0,287107
0,06422518 -0,09105149 0,2896196
0,06977695 -0,08904377 0,2921063
0,07518122 -0,08722588 0,2945836
0,08108354 -0,08518586 0,2967616
0,08671252 -0,08235121 0,2991781
0,08671252 -0,08235121 0,2991781
0,09267023 -0,07775798 0,3018731
0,09875503 -0,07292694 0,3046816
0,1038271 -0,06966272 0,307081
0,1104847 -0,06210133 0,3088631
0,1164621 -0,05550784 0,3114883
0,1164621 -0,05550784 0,3114883
0,1206159 -0,05098853 0,3130146
0,1242671 -0,0468106 0,3150011
0,1273274 -0,04216081 0,3167329
0,1304858 -0,03711236 0,3183686
0,1339629 -0,03064102 0,3192956
0,1339629 -0,03064102 0,3192956
0,1370051 -0,0239484 0,3202673
0,1394616 -0,01747167 0,3208355
0,1409376 -0,01199856 0,3214293
0,1419323 -0,006787062 0,3216596
0,1426272 -0,001714617 0,3222127
0,1426803 0,003851414 0,3231991
0,1426803 0,003851414 0,3231991
0,1427122 0,01041991 0,3236722
0,1427703 0,01666698 0,3239119
0,1423945 0,02352688 0,3244823
0,1400813 0,02724019 0,3241319
0,138381 0,033068 0,3243601
0,138381 0,033068 0,3243601
0,1364482 0,03858435 0,323965
0,1344552 0,04491547 0,324315
0,1313585 0,04888576 0,324026
0,1286525 0,05544674 0,3246513
0,1248125 0,05786777 0,3231168
0,1248125 0,05786777 0,3231168
0,121489 0,06308627 0,3225246
0,1182464 0,06810176 0,3220616
0,1131912 0,07030985 0,32113
0,1101677 0,07527718 0,3194896
0,1049438 0,07792476 0,3187848
0,100819 0,07984252 0,3164492
0,100819 0,07984252 0,3164492
0,09507847 0,08349082 0,3161752
0,08988865 0,08815914 0,3148568
0,08508346 0,08991413 0,3127258
0,08013397 0,09373689 0,3112325
0,0739066 0,09183934 0,3090952
0,0739066 0,09183934 0,3090952
0,07008237 0,09812084 0,3069054
0,06429518 0,0987778 0,3043953
0,05889914 0,09971935 0,3021123
0,05331464 0,1036034 0,3004731
0,04591622 0,1040404 0,3000732
0,04180041 0,107126 0,2967505
0,04180041 0,107126 0,2967505
0,03548428 0,1076717 0,2952473
0,02933726 0,1085798 0,2929821
0,02436851 0,1110595 0,2902657
0,01825017 0,1131127 0,2882436
0,01266387 0,1152803 0,2862712
0,01266387 0,1152803 0,2862712
0,007203904 0,1119896 0,2839308
0,001601042 0,111344 0,2810705
-0,002900796 0,1128935 0,2781816
-0,008769829 0,1107932 0,2757122
-0,01319485 0,1085584 0,2724073
-0,01319485 0,1085584 0,2724073
-0,01813629 0,1030621 0,2710555
-0,0226682 0,1043755 0,2676522
-0,02679675 0,1006709 0,2653877
-0,03072109 0,09757248 0,2629503
-0,03440958 0,09537312 0,2600313
-0,03440958 0,09537312 0,2600313
-0,03837752 0,09302218 0,2581466
-0,04152162 0,08803964 0,2554145
-0,04527897 0,08447903 0,2530441
-0,04698982 0,08103491 0,2498514
-0,05065756 0,0792941 0,2472055
-0,05254724 0,07640754 0,2449511
-0,05254724 0,07640754 0,2449511
-0,05510969 0,07217796 0,243219
-0,05707899 0,06747119 0,2408839
-0,05905891 0,06299868 0,2392779
-0,06186835 0,06011133 0,2382849
-0,06345516 0,05741884 0,2360683
-0,06345516 0,05741884 0,2360683
-0,0652153 0,05249861 0,2353908
-0,06595907 0,04856074 0,2335398
-0,06696355 0,04221746 0,2331168
-0,06683872 0,03654294 0,2327008
-0,06755002 0,03545901 0,2306049
-0,06982192 0,03257158 0,2307075
-0,06982192 0,03257158 0,2307075
-0,07141058 0,03077361 0,231143
-0,07140043 0,02893332 0,2308377
-0,07214015 0,02577023 0,2309171
-0,07208373 0,02232078 0,2308802
-0,0712079 0,01997481 0,2299806
-0,0712079 0,01997481 0,2299806
-0,06819902 0,01355375 0,2299604
-0,06621219 0,008054256 0,2304177
-0,06432974 0,004450068 0,2313653
-0,06263489 0,000272572 0,2326383
-0,06030473 -0,004154161 0,2342473
-0,06030473 -0,004154161 0,2342473
-0,0586873 -0,006150693 0,2354965
-0,05690647 -0,009411409 0,2372997
-0,05573915 -0,01097228 0,2388487
-0,05338435 -0,01405826 0,2403601
-0,05107823 -0,01794134 0,2423521
-0,04801822 -0,02132042 0,2441601
-0,04801822 -0,02132042 0,2441601
-0,04554417 -0,02355464 0,2457989
-0,04277571 -0,02643535 0,2475353
-0,03969258 -0,02974179 0,2495309
-0,03674008 -0,03297591 0,2515088
-0,03296683 -0,0368318 0,2532921
-0,03296683 -0,0368318 0,2532921
-0,02954332 -0,03839031 0,2551973
-0,02543462 -0,04202667 0,2570914
-0,02170848 -0,0447675 0,258978
-0,01825945 -0,0482862 0,2612693
-0,01472017 -0,05174723 0,2632842
-0,01472017 -0,05174723 0,2632842
-0,01023835 -0,05588564 0,2651802
-0,006077107 -0,05837673 0,267245
-0,002319739 -0,06166971 0,2694776
0,001837853 -0,06430465 0,2714445
0,005305998 -0,0661298 0,2739416
0,009419829 -0,0681825 0,2762817
0,009419829 -0,0681825 0,2762817
0,0138763 -0,0700894 0,2779855
0,01840555 -0,07177499 0,2799033
0,0227126 -0,07433337 0,2818039
0,0266558 -0,07709309 0,2839356
0,03127338 -0,0790894 0,2856633
0,03127338 -0,0790894 0,2856633
0,03507675 -0,08083126 0,2877996
0,03951116 -0,08284655 0,2893639
0,04344737 -0,08497888 0,2912301
0,04789367 -0,08457887 0,2924489
0,0516426 -0,08701751 0,294669
0,0516426 -0,08701751 0,294669
0,05553262 -0,08626384 0,2960515
0,05988616 -0,08695924 0,2976599
0,06342812 -0,08763954 0,2993209
0,06762795 -0,08746582 0,3004791
0,07143964 -0,08848476 0,3013485
0,07534644 -0,08901259 0,302465
0,07534644 -0,08901259 0,302465
0,07893267 -0,09003383 0,3034708
0,08318795 -0,08984038 0,304526
0,08724903 -0,0899519 0,3059801
0,09129585 -0,09011999 0,3071823
0,09532335 -0,0905048 0,3081244
0,09532335 -0,0905048 0,3081244
0,09770567 -0,09319243 0,3096769
0,1013281 -0,09283045 0,3108006
0,1049321 -0,0926348 0,3115716
0,1076437 -0,09394598 0,3131833
0,1103304 -0,09490538 0,3141439
0,1128006 -0,09581983 0,315558
0,1128006 -0,09581983 0,315558
0,1164552 -0,09399316 0,3168367
0,119675 -0,09314257 0,3180614
0,1229464 -0,09255812 0,3191875
0,1258087 -0,0924224 0,3200873
0,1273115 -0,09325731 0,3207994
0,1273115 -0,09325731 0,3207994
0,1294917 -0,0920237 0,3214494
0,1308582 -0,09245872 0,321851
0,1318421 -0,09279585 0,3221382
0,132719 -0,09244969 0,3223002
0,1330801 -0,09298101 0,3225198
0,1330801 -0,09298101 0,3225198
0,1327387 -0,09376621 0,3221762
0,1325875 -0,09428474 0,3219765
0,1322551 -0,09514689 0,3216586
0,1318288 -0,09600875 0,3211839
0,1313129 -0,09631374 0,3206539
0,1313129 -0,09631374 0,3206539
0,1309499 -0,0960342 0,3198184
0,1308497 -0,09576824 0,3195633
0,1305062 -0,09519389 0,3188382
0,130133 -0,09485823 0,3183058
0,1297253 -0,09464669 0,3177592
0,1291275 -0,09477317 0,3170419
0,1291275 -0,09477317 0,3170419
0,1284001 -0,09540567 0,3166688
0,1277896 -0,09554899 0,3160158
0,127096 -0,09580538 0,3155101
0,1265072 -0,09592208 0,314948
0,1260803 -0,0958474 0,3142732
0,1260803 -0,0958474 0,3142732
0,1257303 -0,09579736 0,3135577
0,1252989 -0,09597176 0,3128632
0,1247914 -0,09640768 0,312264
0,1244004 -0,09678853 0,3117679
0,1239862 -0,09725875 0,3112626
0,1239862 -0,09725875 0,3112626
0,1236821 -0,09739015 0,3107893
0,1235147 -0,09731275 0,3104107
0,1233579 -0,09725249 0,310052
0,1232566 -0,09721541 0,3097604
0,1231275 -0,09690261 0,30943
0,1230917 -0,09671551 0,308957
0,1230917 -0,09671551 0,308957
0,1229422 -0,09662023 0,3086854
0,1229062 -0,09651035 0,3083743
0,1227488 -0,09653565 0,3080091
0,122599 -0,09670991 0,3076504
0,1223547 -0,0969151 0,3072925
0,1223547 -0,0969151 0,3072925
0,1221778 -0,09721312 0,3070059
0,1219776 -0,09758118 0,3067706
0,1218383 -0,09786364 0,306582
0,121762 -0,09797457 0,3064914
0,121659 -0,09817249 0,3063729
0,1215296 -0,09831876 0,3062898
0,1215296 -0,09831876 0,3062898
0,1214733 -0,09826687 0,3062056
0,1213988 -0,09828609 0,306121
0,1212143 -0,09835145 0,3060579
0,1210227 -0,0984596 0,3059542
0,1207621 -0,09869006 0,3058618
0,1207621 -0,09869006 0,3058618
0,1206688 -0,09873658 0,3058025
0,1205446 -0,09895542 0,3057886
0,1204328 -0,09915197 0,3057352
0,1203744 -0,09937426 0,3057157
0,1203068 -0,09953436 0,3057805
0,1203068 -0,09953436 0,3057805
0,1202224 -0,09986958 0,3056937
