0,05967369 -0,1076997 0,2760481
0,05522228 -0,1073414 0,2722416
0,05193387 -0,1072608 0,2685098
0,04900459 -0,1076711 0,2650681
0,04731901 -0,1081355 0,2616755
0,04820843 -0,1123987 0,2599663
0,04949452 -0,1153024 0,2591656
0,04949452 -0,1153024 0,2591656
0,0560258 -0,1218554 0,2624772
0,06520022 -0,1264144 0,2676691
0,07757204 -0,1312045 0,2743523
0,09562284 -0,1303672 0,2829922
0,114879 -0,1273498 0,291132
0,114879 -0,1273498 0,291132
0,1302619 -0,1109583 0,3017043
0,1455815 -0,0939692 0,3098766
0,1536689 -0,07295188 0,3135203
0,1580845 -0,05022547 0,3166771
0,155759 -0,02221015 0,3094564
0,1466153 -0,0004525185 0,2999455
0,1466153 -0,0004525185 0,2999455
0,1256733 0,01458165 0,2873264
0,1099451 0,03477035 0,2764024
0,08653495 0,04817431 0,2605771
0,06987544 0,06210221 0,2465777
0,04643773 0,06300615 0,2313219
0,04643773 0,06300615 0,2313219
0,02520054 0,061288 0,2179293
0,003171608 0,05608109 0,2049135
-0,0181151 0,04623225 0,1967409
-0,03392596 0,03718707 0,1877032
-0,05268973 0,02197477 0,1843437
-0,05268973 0,02197477 0,1843437
-0,04728014 -0,00612396 0,1900686
-0,04550806 -0,03247879 0,2071164
-0,03861634 -0,05681781 0,2296685
-0,02268244 -0,08067364 0,2564112
0,006285829 -0,09505054 0,2837333
0,006285829 -0,09505054 0,2837333
0,02887553 -0,09943634 0,2938415
0,04982664 -0,1048491 0,3030363
0,06523881 -0,1035683 0,3062162
0,07724658 -0,1009806 0,3066346
0,07990294 -0,1005826 0,3042356
0,08365045 -0,0991089 0,3012879
0,08365045 -0,0991089 0,3012879
0,08159669 -0,09888765 0,3005219
0,08061613 -0,0998497 0,2990347
0,07774088 -0,1009933 0,2978952
0,07551064 -0,1016445 0,2969892
0,07349127 -0,1033701 0,2962203
0,07349127 -0,1033701 0,2962203
0,07133897 -0,105506 0,2956156
0,06905767 -0,1079681 0,2959208
0,06657583 -0,1108622 0,2965207
0,06601567 -0,1110101 0,2961838
0,06526557 -0,1120309 0,2958793
0,06526557 -0,1120309 0,2958793
0,06558901 -0,1122674 0,295567
0,06562889 -0,1124575 0,2955561
0,06532712 -0,1133296 0,2958664
0,06520398 -0,1140092 0,2960148
0,06527136 -0,1145516 0,2961101
0,06547406 -0,1147199 0,2961826
0,06547406 -0,1147199 0,2961826
0,06564623 -0,1145011 0,2962864
0,06545778 -0,1135702 0,2978684
0,065282 -0,1132828 0,2996192
0,06676245 -0,112239 0,2998824
0,06787467 -0,1118092 0,3001374
0,06787467 -0,1118092 0,3001374
0,06936038 -0,1129498 0,3011076
0,07144193 -0,1131181 0,3012281
0,07154526 -0,1148286 0,3010549
