0,08727476 -0,1603819 0,2511906
0,08730929 -0,1602284 0,2512479
0,08735284 -0,159641 0,2514513
0,08735284 -0,159641 0,2514513
0,08779904 -0,1583692 0,2516128
0,08883731 -0,1555713 0,2516978
0,09013402 -0,1521809 0,2518793
0,09169507 -0,1475473 0,2527642
0,09303278 -0,1425118 0,2537232
0,09409512 -0,1361296 0,2557077
0,09409512 -0,1361296 0,2557077
0,09553431 -0,1297581 0,2580529
0,09662507 -0,1229091 0,2605963
0,09731367 -0,1170258 0,2628764
0,09706946 -0,1131365 0,2654105
0,09593642 -0,1104418 0,2680609
0,09593642 -0,1104418 0,2680609
0,09166164 -0,1112601 0,270722
0,08605508 -0,1134809 0,2736697
0,07833552 -0,1178188 0,275387
0,06895153 -0,124008 0,2776567
0,0554588 -0,135556 0,2778758
0,04229227 -0,1438015 0,2758329
0,04229227 -0,1438015 0,2758329
0,02322133 -0,1609656 0,2659896
0,003608115 -0,1722593 0,2593378
-0,0169909 -0,1855725 0,2551303
-0,03592475 -0,1924178 0,2483199
-0,05575913 -0,1884654 0,2339751
-0,05575913 -0,1884654 0,2339751
-0,0639938 -0,1810288 0,2177573
-0,0765563 -0,169498 0,207485
-0,09144194 -0,1469992 0,201231
-0,1019275 -0,1273454 0,1952571
-0,1072256 -0,09980026 0,1895542
-0,1072256 -0,09980026 0,1895542
-0,1081934 -0,07423103 0,1847342
-0,1030689 -0,05140308 0,1804118
-0,0977447 -0,0339776 0,1807407
-0,09008574 -0,01663148 0,1799239
-0,08295223 -0,001474366 0,1803263
-0,0730037 0,004016474 0,1856513
-0,0730037 0,004016474 0,1856513
-0,06513805 0,006533429 0,1910353
-0,05607695 0,005889177 0,1977713
-0,04699736 -0,0006654263 0,2038303
-0,0388628 -0,01561458 0,2102989
-0,03004502 -0,03203475 0,2173195
-0,03004502 -0,03203475 0,2173195
-0,02265595 -0,0613462 0,2255972
-0,008985374 -0,09902731 0,2345356
0,001637118 -0,1240379 0,2433417
0,02189021 -0,1515242 0,2497541
0,0418053 -0,1721115 0,2599338
0,07147728 -0,1881575 0,2679776
0,07147728 -0,1881575 0,2679776
0,1041339 -0,1795052 0,2609245
0,1318922 -0,1700666 0,2659358
0,1586003 -0,1543502 0,2694977
0,1830486 -0,1281378 0,2666696
0,2015498 -0,1021478 0,2646415
0,2015498 -0,1021478 0,2646415
0,2052553 -0,07562485 0,2631909
0,2119068 -0,04893887 0,2627769
0,2078031 -0,02996835 0,2594368
0,2057892 -0,00860709 0,258506
0,1973492 0,003484368 0,2589527
0,1973492 0,003484368 0,2589527
0,1842222 0,008025378 0,2585329
0,1711882 0,01208062 0,2597657
0,1566014 0,01338108 0,2617039
0,144851 0,01390216 0,2632521
0,132717 0,01399454 0,2650577
0,132717 0,01399454 0,2650577
0,1190208 0,006380588 0,2669895
0,1028125 -0,005835742 0,2701445
0,08660239 -0,02031735 0,2731664
0,06848491 -0,04103413 0,2753437
0,04944687 -0,06206569 0,2775815
0,0281489 -0,09096083 0,2787153
0,0281489 -0,09096083 0,2787153
0,003794436 -0,1137636 0,2708507
-0,02211377 -0,1372544 0,2599485
-0,0466347 -0,1596987 0,2469058
-0,07300113 -0,1717522 0,2348047
-0,09173472 -0,1673851 0,2097733
-0,09173472 -0,1673851 0,2097733
-0,1069986 -0,1487694 0,1971767
-0,1225452 -0,1317127 0,1855686
-0,1358884 -0,0996742 0,1759688
-0,1445073 -0,06590801 0,164514
-0,1417256 -0,03352481 0,1572494
-0,1417256 -0,03352481 0,1572494
-0,1331274 -0,01153906 0,1575003
-0,1260891 0,01400943 0,1561993
-0,1173532 0,03554891 0,1555626
-0,1072756 0,05122407 0,1601868
-0,09608669 0,06631932 0,1629403
-0,0853387 0,06848456 0,1724563
-0,0853387 0,06848456 0,1724563
-0,07385718 0,06712246 0,1801063
-0,06228875 0,06271428 0,1884637
-0,05097738 0,04899116 0,1997428
-0,04149517 0,03641191 0,2085365
-0,0304278 0,02427724 0,2155337
-0,0304278 0,02427724 0,2155337
-0,01944599 -0,0006032288 0,2235989
-0,007029744 -0,02681832 0,2312002
0,006110992 -0,05373199 0,2381642
0,02040277 -0,08517358 0,2461185
0,0393802 -0,1188705 0,2521205
0,0393802 -0,1188705 0,2521205
0,06249777 -0,1424489 0,2563974
0,09031169 -0,1595711 0,2593825
0,1142251 -0,1665236 0,2602818
0,1409418 -0,1651058 0,264227
0,1643893 -0,1477384 0,2677792
0,1873581 -0,1275492 0,267116
0,1873581 -0,1275492 0,267116
0,196152 -0,09845969 0,2651561
0,2041166 -0,07377684 0,2619636
0,2054161 -0,0466482 0,2597974
0,2032853 -0,02380764 0,2562721
0,1946654 -0,007732421 0,2560303
0,1946654 -0,007732421 0,2560303
0,1883043 0,007818148 0,2544841
0,173049 0,009702653 0,2547809
0,1604823 0,01625457 0,2575115
0,1492194 0,01929283 0,2596524
0,1388128 0,02070285 0,2608238
0,1282937 0,02052604 0,2619303
0,1282937 0,02052604 0,2619303
0,1151177 0,01244283 0,2666687
0,1025226 0,004797637 0,2689073
0,09028683 -0,005756497 0,2704704
0,07268448 -0,02739772 0,2746703
0,05746321 -0,04453954 0,2768305
0,05746321 -0,04453954 0,2768305
0,03820416 -0,06946659 0,2759662
0,01836879 -0,09577441 0,2722999
-0,002450777 -0,1184296 0,267251
-0,0255138 -0,1463394 0,2560017
-0,04807958 -0,17327 0,2481028
-0,04807958 -0,17327 0,2481028
-0,07342111 -0,1874248 0,2322245
-0,08624339 -0,1945325 0,202837
-0,105239 -0,183731 0,187882
-0,1226429 -0,1710289 0,1745571
-0,1311618 -0,1446093 0,1649076
-0,138986 -0,1193534 0,1593533
-0,138986 -0,1193534 0,1593533
-0,1449093 -0,07889776 0,1544846
-0,1443016 -0,04361597 0,1498834
-0,1323624 -0,01990701 0,1526887
-0,1228727 0,002823576 0,1559246
-0,116426 0,02136356 0,160965
-0,116426 0,02136356 0,160965
-0,1006959 0,02953061 0,1668018
-0,08874046 0,03563446 0,1741565
-0,07768858 0,04370473 0,1807792
-0,06713291 0,03776364 0,1896961
-0,05643104 0,03379418 0,1984525
-0,05643104 0,03379418 0,1984525
-0,04548442 0,01912177 0,2070966
-0,03381994 0,00204359 0,2175296
-0,02256384 -0,01546586 0,2267958
-0,009779594 -0,03589088 0,2368182
0,005281342 -0,06316552 0,2467523
0,0187934 -0,08814076 0,254092
0,0187934 -0,08814076 0,254092
0,03656907 -0,1184615 0,2621455
0,06061477 -0,1433339 0,2678854
0,08700126 -0,159308 0,2713562
0,1106101 -0,170361 0,2740178
0,1276525 -0,1654413 0,2782161
0,1276525 -0,1654413 0,2782161
0,1545864 -0,1423202 0,279042
0,1757791 -0,1235711 0,2770832
0,1833813 -0,1013345 0,2757188
0,1893952 -0,08062759 0,2756706
0,1897071 -0,05739367 0,2711543
0,1897071 -0,05739367 0,2711543
0,1837815 -0,04029712 0,2687489
0,1742763 -0,02916273 0,267089
0,1662938 -0,01657856 0,2663183
0,1571299 -0,006605834 0,2663383
0,1467836 0,001732081 0,2662407
0,1354174 0,004149139 0,2665239
0,1354174 0,004149139 0,2665239
0,1236564 0,002564251 0,266757
0,1128569 0,0008380413 0,2666757
0,1022129 -0,0013749 0,2664373
0,08996461 -0,01130375 0,2686412
0,0795511 -0,0168823 0,2692471
0,0795511 -0,0168823 0,2692471
0,0667532 -0,03462857 0,2708921
0,05258 -0,05220127 0,272562
0,0374802 -0,07133806 0,273196
0,02119788 -0,08788747 0,2735212
0,001783323 -0,1080728 0,2679091
0,001783323 -0,1080728 0,2679091
-0,01880509 -0,1288934 0,2566433
-0,04121753 -0,1478576 0,2504432
-0,06103005 -0,1577165 0,2354582
-0,08341581 -0,1620983 0,2162353
-0,09404403 -0,1536475 0,1952687
-0,1076152 -0,1449917 0,1844018
-0,1076152 -0,1449917 0,1844018
-0,1171867 -0,1176387 0,1780271
