0,006597711 -0,1704696 0,2662907
0,006597711 -0,1704696 0,2662907
0,006538887 -0,1699073 0,2661028
0,006499304 -0,1693805 0,2659327
0,006570279 -0,1687059 0,2657437
0,006672678 -0,1682786 0,2656474
0,006711376 -0,1680775 0,265536
0,006711376 -0,1680775 0,265536
0,006637894 -0,1678026 0,265248
0,006547547 -0,1676071 0,2648534
0,006306215 -0,1675535 0,2641416
0,005904343 -0,1677016 0,2634274
0,005198748 -0,1676563 0,2620267
0,005198748 -0,1676563 0,2620267
0,004184205 -0,1682575 0,2602082
0,002970325 -0,1685511 0,2580981
0,001638186 -0,1687674 0,2556973
-8,413572E-06 -0,1705818 0,2530529
-0,001683325 -0,1717438 0,2496626
-0,003727072 -0,1742376 0,2470267
-0,003727072 -0,1742376 0,2470267
-0,006176378 -0,1783285 0,2450652
-0,00807813 -0,1821 0,2432819
-0,009577524 -0,1864867 0,2433092
-0,009461045 -0,1907333 0,2463313
-0,008839966 -0,1943471 0,2504183
-0,008839966 -0,1943471 0,2504183
-0,004545878 -0,1947124 0,2559659
0,0005771399 -0,1930062 0,2630496
0,005494873 -0,188978 0,2720027
0,01038576 -0,1777509 0,286795
0,01551633 -0,1628124 0,3011754
0,01551633 -0,1628124 0,3011754
0,01874158 -0,1342831 0,3084846
0,02112352 -0,1029702 0,3132606
0,0216904 -0,0646033 0,309951
0,02114478 -0,02653256 0,3052408
0,02094566 0,009401321 0,2954453
0,02102092 0,0419825 0,2822393
0,02102092 0,0419825 0,2822393
0,02210845 0,06447825 0,2719163
0,02291603 0,08538505 0,2606091
0,0225761 0,1036455 0,2505413
0,02145025 0,1173183 0,2484869
0,01835097 0,1186286 0,244724
0,01835097 0,1186286 0,244724
0,01583911 0,1238499 0,2453026
0,01438245 0,1235289 0,2446932
0,01345397 0,1257434 0,2438604
0,01145762 0,1231783 0,244492
0,01000956 0,1147097 0,2458326
0,009840498 0,1128206 0,246738
0,009840498 0,1128206 0,246738
0,009721727 0,1087397 0,24762
0,009469756 0,1050792 0,248582
0,00951518 0,1007547 0,2492313
0,00946226 0,09733219 0,2508122
0,009747554 0,09627046 0,2507504
0,009747554 0,09627046 0,2507504
0,009648742 0,09345996 0,2519539
0,009298312 0,09156649 0,2526684
0,009080764 0,09006861 0,2531573
0,009388769 0,08818817 0,2532772
0,009658456 0,08761871 0,2532395
0,009658456 0,08761871 0,2532395
0,009279205 0,08643921 0,2533078
0,009051114 0,08615315 0,2532771
0,00893246 0,08662795 0,2528582
0,009139 0,08635004 0,2525585
0,009079236 0,08616832 0,2523235
0,009306896 0,08573389 0,2524862
0,009306896 0,08573389 0,2524862
0,009198357 0,08582404 0,2526119
0,009318024 0,08582951 0,2526895
0,009241141 0,08512305 0,2528672
0,009338025 0,08449636 0,2532654
0,009504967 0,08552322 0,2530753
0,009504967 0,08552322 0,2530753
0,009558434 0,08524455 0,253241
0,009437049 0,08447938 0,2533686
0,009253254 0,08445498 0,2537094
0,009124216 0,08397955 0,2537665
0,008851334 0,08301076 0,2539923
0,008851334 0,08301076 0,2539923
0,008784359 0,08289889 0,2542338
0,008732122 0,08216563 0,2543307
0,008586741 0,08228229 0,2544535
0,008622033 0,08251533 0,2546346
0,008535239 0,0825735 0,2548311
0,008688813 0,08225676 0,254924
0,008688813 0,08225676 0,254924
0,00864033 0,0814372 0,2551876
0,008710735 0,08077458 0,2552688
0,008472599 0,08022505 0,2552388
0,00848829 0,07986143 0,2557541
0,008532966 0,07980467 0,2559532
0,008532966 0,07980467 0,2559532
0,008703317 0,07982947 0,2556706
0,008716638 0,07982758 0,2556001
0,00876949 0,07891113 0,2559066
0,008669781 0,07835791 0,2560272
0,008889301 0,07777138 0,2560484
0,008889301 0,07777138 0,2560484
0,00883487 0,07719137 0,2562058
0,008973559 0,07543401 0,2566553
