0,01227618 -0,1950638 0,2434492
0,01245958 -0,1952893 0,2439849
0,01267963 -0,1954201 0,2446177
0,01291352 -0,195419 0,2451364
0,01315109 -0,1953843 0,2457537
0,01315109 -0,1953843 0,2457537
0,01348617 -0,1947231 0,2462955
0,01413927 -0,1936245 0,2468848
0,01487627 -0,1925813 0,2475839
0,01575824 -0,1906743 0,2482984
0,0165545 -0,1880595 0,2487623
0,0165545 -0,1880595 0,2487623
0,01712199 -0,1841556 0,2495406
0,01772552 -0,1798863 0,2504932
0,01840851 -0,17511 0,2519105
0,01904407 -0,169839 0,2529576
0,01943259 -0,1649402 0,2553818
0,02006108 -0,1584837 0,2572291
0,02006108 -0,1584837 0,2572291
0,02035799 -0,1539371 0,2598089
0,02093223 -0,1469661 0,2614608
0,02167555 -0,1403849 0,2630028
0,02212184 -0,1346908 0,2649246
0,02298911 -0,1266625 0,2670652
0,02298911 -0,1266625 0,2670652
0,02325294 -0,1207768 0,2689302
0,02358882 -0,1137311 0,2700471
0,02421079 -0,1049647 0,2715583
0,02468339 -0,09745419 0,2730222
0,02518631 -0,08956268 0,2747968
0,02518631 -0,08956268 0,2747968
0,02588049 -0,08313507 0,2753314
0,0268406 -0,07501763 0,275449
0,02743421 -0,06768873 0,2767196
0,02838418 -0,0580942 0,2767407
0,02885518 -0,04959583 0,2778084
0,02940597 -0,04422966 0,2784512
0,02940597 -0,04422966 0,2784512
0,03068539 -0,03244907 0,2773356
0,03129081 -0,02476326 0,2769733
0,03214143 -0,01668152 0,2765218
0,03184795 -0,01028979 0,2774329
0,03279607 0,0001735091 0,2762679
0,03279607 0,0001735091 0,2762679
0,03311824 0,007556111 0,275346
0,03365865 0,01624313 0,274512
0,0341476 0,0223029 0,2737336
0,03463276 0,03039078 0,2730737
0,03511421 0,03737308 0,2720392
0,03511421 0,03737308 0,2720392
0,03585679 0,04352476 0,2705532
0,03603854 0,04941033 0,2695562
0,03607337 0,05441648 0,2686642
0,03620791 0,0591442 0,2678052
0,03659485 0,06470627 0,266369
0,03688702 0,06945401 0,2655572
0,03688702 0,06945401 0,2655572
0,03659967 0,07194403 0,2643722
0,03648078 0,07713057 0,2633368
0,03617756 0,08159892 0,2621592
0,03541901 0,08618662 0,2616841
0,03489932 0,08996399 0,2608007
0,03489932 0,08996399 0,2608007
0,03421142 0,09447971 0,2596913
0,03279905 0,09661531 0,2593142
0,03164589 0,09776375 0,2580045
0,0305228 0,1016073 0,256234
0,02953093 0,1046946 0,2544733
0,02953093 0,1046946 0,2544733
0,02781462 0,1069467 0,2546586
0,02669895 0,1084641 0,2539316
0,02571034 0,1109474 0,2526636
0,02532998 0,1158113 0,2510956
0,02465233 0,1166039 0,2500493
0,02396801 0,1187615 0,2494832
0,02396801 0,1187615 0,2494832
0,02274827 0,1178553 0,2500919
0,02204888 0,1168814 0,2505689
0,02223919 0,1165253 0,2502976
0,02175174 0,1163967 0,2499638
0,02184536 0,1154348 0,2499399
0,02184536 0,1154348 0,2499399
0,02166782 0,1152871 0,2500793
0,02169634 0,1146012 0,2500162
0,02184131 0,1144692 0,250034
0,02195946 0,1143162 0,2501218
0,02187678 0,1140235 0,2498741
0,02187678 0,1140235 0,2498741
0,02220555 0,1138028 0,2500243
0,02235393 0,113889 0,2500283
0,02253046 0,1135855 0,2502419
0,02285005 0,1133484 0,2504192
0,02286403 0,1130885 0,2505383
0,02308065 0,1127082 0,250624
0,02308065 0,1127082 0,250624
0,02342469 0,1118076 0,2507901
0,02321106 0,111343 0,2508922
0,023261 0,1106895 0,250821
0,02335924 0,10985 0,250776
0,02325602 0,1092881 0,251055
0,02325602 0,1092881 0,251055
0,02331988 0,108637 0,2509551
0,02356673 0,1082146 0,2509157
0,02348754 0,1076619 0,2509644
0,02339023 0,1073383 0,2512023
0,02346371 0,1062638 0,2510411
0,02346371 0,1062638 0,2510411
0,02330915 0,1058199 0,2512768
0,02335436 0,1052162 0,2515754
0,02316179 0,1049596 0,2516529
