0,09410319 -0,1121172 0,2591004
0,09368918 -0,1104646 0,2595122
0,09368918 -0,1104646 0,2595122
0,09332871 -0,1086065 0,260001
0,09302696 -0,1069249 0,2604922
0,0921805 -0,1073976 0,2612074
0,09144086 -0,1082297 0,2617663
0,08987872 -0,1108727 0,262235
0,08987872 -0,1108727 0,262235
0,08576448 -0,1178151 0,2629809
0,08062228 -0,1261643 0,2634451
0,0726287 -0,1382263 0,2618163
0,06330562 -0,1495126 0,2587329
0,05160112 -0,1606457 0,2538406
0,05160112 -0,1606457 0,2538406
0,03402339 -0,167863 0,2470644
0,01736471 -0,1689221 0,2414708
0,003794643 -0,1654778 0,2338658
-0,00531208 -0,142985 0,2202568
-0,00879349 -0,1211596 0,2083085
-0,01009008 -0,09743382 0,2068296
-0,01009008 -0,09743382 0,2068296
-0,007575343 -0,07577738 0,2058153
-0,002828427 -0,05611819 0,2042638
0,003218463 -0,04024296 0,2046164
0,01175307 -0,02478884 0,2050852
0,0196393 -0,01411796 0,2058244
0,0196393 -0,01411796 0,2058244
0,02395139 -0,01439966 0,2108293
0,02819727 -0,01846531 0,2150365
0,02995637 -0,03099748 0,2195579
0,03193068 -0,04327111 0,2236105
0,03201767 -0,06729081 0,2299122
0,03201767 -0,06729081 0,2299122
0,0351625 -0,09625438 0,2346362
0,04116516 -0,130698 0,2423566
0,05203591 -0,1497939 0,2458301
0,06663713 -0,164974 0,2479924
0,08207348 -0,1734235 0,250701
0,09592549 -0,1572688 0,2529023
0,09592549 -0,1572688 0,2529023
0,1101067 -0,1261627 0,2524697
0,1214823 -0,1012517 0,25442
0,1274613 -0,07682455 0,2540972
0,1333453 -0,05127439 0,2529236
0,1352569 -0,02971667 0,2507366
0,1352569 -0,02971667 0,2507366
0,1282282 -0,01684421 0,2463173
0,1215287 -0,005451337 0,2447582
0,1148534 0,0040396 0,2426276
0,1044499 0,00378719 0,2420621
0,09455395 0,005815804 0,2424067
0,09455395 0,005815804 0,2424067
0,08106083 -0,008013785 0,2444961
0,06794384 -0,02063857 0,2463911
0,05340692 -0,03753507 0,2483165
0,03804054 -0,0552859 0,2498359
0,01949296 -0,08455916 0,2490179
0,001054262 -0,1078286 0,2432078
0,001054262 -0,1078286 0,2432078
-0,0199605 -0,1354618 0,2342305
-0,04083884 -0,1559176 0,2294096
-0,05622212 -0,1547569 0,2030381
-0,06783011 -0,149907 0,1824115
-0,07728716 -0,1354308 0,181648
-0,07728716 -0,1354308 0,181648
-0,07994709 -0,113419 0,1790273
-0,08333362 -0,08162665 0,180322
-0,07671143 -0,05502678 0,1790373
-0,06451531 -0,03004855 0,1785514
-0,05365534 -0,004564062 0,1780329
-0,05365534 -0,004564062 0,1780329
-0,04015923 0,001665697 0,1894795
-0,02614804 0,008586794 0,1980855
-0,01359965 0,01358192 0,2040638
-0,001581492 0,01080687 0,2094517
0,01041879 0,003896043 0,21707
0,02051459 -0,01466851 0,225756
0,02051459 -0,01466851 0,225756
0,03029027 -0,03636305 0,2320879
0,04047146 -0,06472982 0,2412875
0,05214039 -0,09378269 0,2500985
0,06693658 -0,1273635 0,2561525
0,08562086 -0,1568088 0,260226
0,08562086 -0,1568088 0,260226
0,106424 -0,1691152 0,2619964
0,129153 -0,1797509 0,2650434
0,1487664 -0,1654606 0,2654917
0,168359 -0,1461175 0,2673141
0,1784831 -0,1195575 0,2656234
0,1822499 -0,09649986 0,2652501
0,1822499 -0,09649986 0,2652501
0,1751186 -0,07284987 0,261369
0,1683667 -0,0532583 0,2570992
0,1555561 -0,04065397 0,2563221
0,1437021 -0,03029826 0,2560839
0,1283225 -0,0268546 0,2565877
0,1283225 -0,0268546 0,2565877
0,1123229 -0,02953735 0,2562443
0,09691215 -0,03225768 0,2559492
0,08010739 -0,0427444 0,2567303
0,06230124 -0,05731106 0,2581133
0,04254755 -0,0763607 0,2615427
0,04254755 -0,0763607 0,2615427
0,01970674 -0,1024594 0,258889
-0,004649179 -0,1275778 0,2537516
-0,03460181 -0,1569935 0,2461466
-0,05540118 -0,1730746 0,233625
-0,07559816 -0,1825469 0,2115157
-0,08709251 -0,1713296 0,194258
-0,08709251 -0,1713296 0,194258
-0,09493268 -0,1540567 0,1856254
-0,1049687 -0,1259474 0,1835937
-0,1081035 -0,0998489 0,1829852
-0,1008844 -0,06983709 0,1803277
-0,09139209 -0,04386598 0,1802003
-0,09139209 -0,04386598 0,1802003
-0,07343058 -0,02483088 0,1851826
-0,05873022 -0,01009525 0,1926116
-0,04461306 0,001921624 0,2001463
-0,02863215 0,009077817 0,2087754
-0,01343499 0,006994084 0,2166557
-0,01343499 0,006994084 0,2166557
0,0001225267 -0,001220062 0,2240936
0,01371059 -0,01600747 0,2322118
0,0247342 -0,0353682 0,2405239
0,03557248 -0,05887738 0,2498003
0,04651519 -0,08764184 0,2576753
0,05941332 -0,1211586 0,266789
0,05941332 -0,1211586 0,266789
0,07874243 -0,1418564 0,2672825
0,09661798 -0,1588138 0,2695171
0,1119183 -0,1564245 0,270759
0,1247578 -0,1510577 0,273776
0,1365254 -0,1388915 0,2754462
0,1365254 -0,1388915 0,2754462
0,1410105 -0,112087 0,2724432
0,1427677 -0,08980328 0,2707559
0,1389234 -0,07300076 0,2700956
0,1318824 -0,05787879 0,2670656
0,1250354 -0,04474083 0,2629861
0,1250354 -0,04474083 0,2629861
0,112432 -0,03652728 0,2624876
0,099865 -0,0301072 0,2608585
0,08659228 -0,02891088 0,2586454
0,07186672 -0,03063047 0,2559476
0,05622537 -0,03885421 0,2526679
0,03755919 -0,05257294 0,2521937
0,03755919 -0,05257294 0,2521937
0,0182379 -0,06849822 0,2510246
-0,001043453 -0,08609623 0,2460714
-0,02139377 -0,1029063 0,2381327
-0,03878082 -0,1237337 0,2322705
-0,05437014 -0,1315359 0,2212514
-0,05437014 -0,1315359 0,2212514
-0,0677969 -0,1220903 0,2069885
-0,07891377 -0,113795 0,1985874
-0,0843998 -0,09806079 0,1935091
-0,08786495 -0,08012924 0,1899971
-0,08533804 -0,06262164 0,186213
-0,08533804 -0,06262164 0,186213
-0,07664642 -0,04461798 0,1855592
-0,07000351 -0,03049491 0,1871836
-0,06231251 -0,01970194 0,189241
-0,05503268 -0,01295997 0,1920095
-0,04773933 -0,007645413 0,1944083
-0,04063902 -0,008296758 0,1986293
-0,04063902 -0,008296758 0,1986293
-0,0342563 -0,01222959 0,2032416
-0,02777065 -0,01965205 0,2097857
-0,01981395 -0,02957405 0,215784
