0,01999674 -0,1056734 0,2808694
0,0182487 -0,1046579 0,2802356
0,01661373 -0,103435 0,2795011
0,01502512 -0,1026066 0,278685
0,01502512 -0,1026066 0,278685
0,01323593 -0,1016239 0,2779677
0,01148306 -0,1004914 0,2769769
0,009646054 -0,09978622 0,2760945
0,007480637 -0,09916684 0,2754661
0,005400566 -0,0983862 0,2743266
0,005400566 -0,0983862 0,2743266
0,002961566 -0,09844646 0,2731261
0,0005067193 -0,09846646 0,2719924
-0,002098619 -0,09928897 0,270732
-0,004639988 -0,1004979 0,2694027
-0,007148699 -0,1025192 0,267791
-0,008758965 -0,1066874 0,2664777
-0,008758965 -0,1066874 0,2664777
-0,007280238 -0,1135859 0,2661268
-0,004771585 -0,1214598 0,2669206
0,003325341 -0,1310405 0,2706789
0,01495733 -0,1410381 0,2753871
0,03766268 -0,1430117 0,2837943
0,03766268 -0,1430117 0,2837943
0,06841973 -0,1376129 0,2972201
0,0998573 -0,1202833 0,3120503
0,1279266 -0,09838614 0,3237122
0,1490416 -0,06442794 0,3241692
0,1617069 -0,02769187 0,3202322
0,1617069 -0,02769187 0,3202322
0,1475348 0,008958399 0,2965035
0,1269373 0,03161351 0,2771936
0,09270132 0,04131141 0,2561844
0,05593821 0,05180073 0,2408363
0,00932532 0,05779879 0,2228162
-0,0337567 0,0380367 0,2077529
-0,0337567 0,0380367 0,2077529
-0,04303781 -0,006925762 0,2150848
-0,05185953 -0,0429191 0,2320075
-0,02907563 -0,0728941 0,2634216
0,003224918 -0,1036991 0,304547
0,03901872 -0,09620503 0,3132317
0,03901872 -0,09620503 0,3132317
0,06202666 -0,09514025 0,3119643
0,07589266 -0,09333244 0,3137545
0,07439005 -0,09364584 0,3126448
0,07159181 -0,09492108 0,30923
0,06212481 -0,1000085 0,3053225
0,06212481 -0,1000085 0,3053225
0,05429183 -0,1039007 0,3032287
0,04738024 -0,1086479 0,3001638
0,04190933 -0,1101556 0,2999205
0,03900147 -0,1101862 0,2998389
0,03631254 -0,1117809 0,3004416
0,03505436 -0,1117361 0,2999161
0,03505436 -0,1117361 0,2999161
0,03377793 -0,1118513 0,3002809
0,0331273 -0,1123426 0,3002532
0,03278751 -0,1126064 0,3000751
0,03255673 -0,1130615 0,2999194
0,0326567 -0,1130739 0,2994273
0,0326567 -0,1130739 0,2994273
0,03221297 -0,1133828 0,2995712
0,03235763 -0,1136065 0,2994271
0,03341894 -0,1133881 0,2990493
0,03457472 -0,1133149 0,298817
0,03596072 -0,113331 0,2984705
0,03596072 -0,113331 0,2984705
0,03719577 -0,1134337 0,2983183
0,03839818 -0,1128099 0,2981987
0,03911117 -0,1134255 0,2978483
0,03996522 -0,1134971 0,2974359
0,04080366 -0,1133997 0,2971669
0,04182633 -0,1134542 0,2966804
0,04182633 -0,1134542 0,2966804
0,04258249 -0,1127918 0,296245
0,04335033 -0,1128477 0,2957575
0,043542 -0,1137227 0,2955303
0,0437519 -0,1145501 0,295324
0,04392158 -0,1149162 0,2951949
0,04392158 -0,1149162 0,2951949
0,04403837 -0,1152475 0,2950239
0,04426102 -0,1156562 0,2946913
0,04442995 -0,1160216 0,2944142
0,04470221 -0,1160396 0,2941039
0,04490118 -0,1160401 0,2938458
0,04490118 -0,1160401 0,2938458
0,04523148 -0,1161478 0,2935115
0,04551296 -0,1164669 0,2932316
0,04568106 -0,1169446 0,2930101
0,04601577 -0,1173075 0,2927946
0,04641752 -0,1174957 0,2926414
0,04720468 -0,1177332 0,2922094
