0,02133334 -0,1947753 0,2423722
0,02132297 -0,1948172 0,2425112
0,02131695 -0,1948344 0,2426834
0,02131695 -0,1948344 0,2426834
0,02138273 -0,1947246 0,2431913
0,0215317 -0,1943753 0,243799
0,02170837 -0,1939831 0,2444556
0,022077 -0,1935019 0,2452842
0,02251118 -0,1929782 0,2461533
0,02251118 -0,1929782 0,2461533
0,02310744 -0,1912136 0,2468582
0,02360182 -0,1893948 0,2478819
0,02409511 -0,1867809 0,2488805
0,02471023 -0,1830552 0,2501231
0,02574327 -0,1775292 0,2511684
0,02574327 -0,1775292 0,2511684
0,02649045 -0,1718209 0,2526706
0,02726622 -0,1655405 0,2544689
0,02778074 -0,1583174 0,2566188
0,0279588 -0,1523264 0,2593632
0,02866478 -0,1434861 0,2615321
0,02866478 -0,1434861 0,2615321
0,02869741 -0,1357243 0,2636753
0,02922175 -0,1253024 0,2658294
0,02969596 -0,1157437 0,2680015
0,02996813 -0,1074367 0,2696396
0,03034067 -0,09557751 0,2720023
0,03068781 -0,08559704 0,2739183
0,03068781 -0,08559704 0,2739183
0,03128812 -0,07594052 0,2740974
0,03235885 -0,06578213 0,2747711
0,0331862 -0,05523872 0,2751566
0,03372826 -0,04170528 0,2751016
0,03396102 -0,03235841 0,2768168
0,03396102 -0,03235841 0,2768168
0,0350388 -0,01882741 0,2736186
0,03595206 -0,007404506 0,2725006
0,03703498 0,004420072 0,2709025
0,03671968 0,0124895 0,2708093
0,03702654 0,02266228 0,26907
0,03702654 0,02266228 0,26907
0,03746568 0,03410333 0,2663245
0,03746195 0,04551692 0,2641459
0,03840621 0,05720003 0,2605714
0,03822555 0,06501797 0,2585203
0,03881057 0,07194757 0,2555785
0,03946427 0,08071209 0,2531151
0,03946427 0,08071209 0,2531151
0,03971033 0,08946061 0,24938
0,03961245 0,09558327 0,2473185
0,03954718 0,1015914 0,245278
0,03992781 0,1062636 0,2432882
0,03934623 0,1099206 0,2417597
0,03934623 0,1099206 0,2417597
0,03907684 0,1137899 0,2406791
0,03939911 0,120084 0,2387151
0,0399942 0,1255399 0,2360952
0,04017075 0,1255574 0,2346085
0,03888633 0,1250977 0,2342841
0,03888633 0,1250977 0,2342841
0,03877686 0,1278876 0,2335282
0,03851852 0,1312909 0,2322663
0,03833019 0,1358326 0,2313615
0,03783702 0,1383225 0,2304143
0,03744747 0,1361524 0,2306711
0,03669742 0,1343899 0,2304832
0,03669742 0,1343899 0,2304832
0,03647662 0,132327 0,231174
0,03591713 0,1305512 0,2315016
0,03555232 0,1288429 0,2321541
0,03532578 0,1281873 0,2324122
0,0351073 0,1276195 0,2327257
0,0351073 0,1276195 0,2327257
0,03511234 0,1260529 0,2331441
0,03486894 0,1251374 0,2336284
0,03487113 0,1244434 0,2335347
0,03482098 0,1234257 0,2337724
0,03524911 0,1237379 0,233756
0,03524911 0,1237379 0,233756
0,03519423 0,1226546 0,2341202
0,03520943 0,1218715 0,2343269
0,03562326 0,1207366 0,2345657
0,03564782 0,1195339 0,2348605
0,0360496 0,1187957 0,2351394
0,03635555 0,1189221 0,2351425
0,03635555 0,1189221 0,2351425
0,03691624 0,1190889 0,2348695
0,03750243 0,1195168 0,234455
0,03827893 0,1192456 0,2341754
0,03818628 0,1190349 0,2343031
0,03861461 0,1172729 0,2345025
0,03861461 0,1172729 0,2345025
0,03850061 0,1161433 0,2352311
0,03852715 0,1150597 0,2355909
0,03838512 0,1141439 0,2356534
0,03841483 0,1138188 0,2357251
0,0383708 0,1136372 0,2357848
0,03817935 0,1132249 0,2363338
0,03817935 0,1132249 0,2363338
0,03818859 0,1124901 0,2364028
0,03823907 0,1122684 0,2364827
0,03806059 0,1118287 0,2367457
0,03784014 0,1120614 0,2369352
0,03782429 0,1124048 0,236991
0,03782429 0,1124048 0,236991
0,03781264 0,113608 0,2370134
0,03797655 0,114139 0,237085
0,03792772 0,1148929 0,2371148
0,03793342 0,1155411 0,2371618
0,03813253 0,1155101 0,2373115
0,03813253 0,1155101 0,2373115
0,03808875 0,1160087 0,2373565
0,03805167 0,1162394 0,2376387
0,03795212 0,1163553 0,2377611
0,03801219 0,1164389 0,2379171
