0,01505829 -0,1427036 0,2504897
0,01506885 -0,1425103 0,2505678
0,01508872 -0,1425013 0,2506263
0,01506537 -0,1423895 0,2506084
0,01488143 -0,142497 0,2506987
0,01453562 -0,1427816 0,2507516
0,01346209 -0,1431208 0,2503669
0,01346209 -0,1431208 0,2503669
0,01170854 -0,1438735 0,2501432
0,008942727 -0,1456663 0,2500598
0,005595142 -0,1479022 0,2496923
0,001582923 -0,150389 0,2484025
-0,004438644 -0,1548882 0,2477878
-0,004438644 -0,1548882 0,2477878
-0,01034056 -0,1582409 0,2447509
-0,01637753 -0,1595781 0,2413224
-0,02261284 -0,1586507 0,2374026
-0,02854548 -0,1560315 0,2326076
-0,03361876 -0,1476048 0,2283739
-0,04085101 -0,1399856 0,2262487
-0,04085101 -0,1399856 0,2262487
-0,03975118 -0,1281178 0,2235216
-0,03940183 -0,1167206 0,221833
-0,03583582 -0,1074289 0,2214808
-0,03176758 -0,09678423 0,220325
-0,02903441 -0,08518775 0,2194957
-0,02903441 -0,08518775 0,2194957
-0,02263085 -0,0751552 0,2202769
-0,01627497 -0,06749919 0,2220931
-0,01018168 -0,06412971 0,2257758
-0,002120152 -0,06320804 0,2259812
0,003644403 -0,06182212 0,2290926
0,003644403 -0,06182212 0,2290926
0,009703343 -0,06655981 0,233135
0,01647034 -0,07180411 0,2362109
0,02248015 -0,07911341 0,2390165
0,03017045 -0,09199356 0,2410598
0,03688817 -0,1039659 0,2447211
0,03688817 -0,1039659 0,2447211
0,04321462 -0,1179685 0,2479334
0,05210141 -0,1310034 0,2498302
0,06213265 -0,1428243 0,2522316
0,07293566 -0,1505417 0,2529036
0,08635033 -0,1560587 0,2501543
0,09797389 -0,1601556 0,2503629
0,09797389 -0,1601556 0,2503629
0,1060019 -0,1606507 0,2531839
0,1157453 -0,1586382 0,2538305
0,1248268 -0,1502262 0,2550197
0,1329267 -0,1414319 0,2561486
0,1390898 -0,1310689 0,2563174
0,1390898 -0,1310689 0,2563174
0,1412314 -0,1199303 0,2565163
0,1430238 -0,1079478 0,2565928
0,142831 -0,09600285 0,2567998
0,1407984 -0,08410525 0,2560245
0,1330707 -0,07883707 0,2563816
0,1270188 -0,0705269 0,2573954
0,1270188 -0,0705269 0,2573954
0,1191762 -0,06602442 0,2577545
0,1098273 -0,06241778 0,2590585
0,1005269 -0,06067458 0,2588583
0,08971214 -0,06128386 0,2593378
0,07857057 -0,06434688 0,2601891
0,07857057 -0,06434688 0,2601891
0,0659409 -0,07296786 0,260949
0,05343092 -0,08154064 0,2609352
0,04120705 -0,09127748 0,2604542
0,02911055 -0,1007251 0,2587037
0,01663695 -0,1120115 0,2566359
0,01663695 -0,1120115 0,2566359
0,004941816 -0,1232318 0,25033
-0,00867909 -0,133918 0,2448726
-0,02151452 -0,1462929 0,2424198
-0,03564078 -0,1551091 0,2383616
-0,04656659 -0,1624896 0,2337602
-0,05918325 -0,1684219 0,2292176
-0,05918325 -0,1684219 0,2292176
-0,06580532 -0,162209 0,2148211
-0,07187726 -0,1556808 0,2035135
-0,07764325 -0,1449414 0,1993672
-0,08333763 -0,1353139 0,1936086
-0,08598204 -0,1224152 0,1972437
-0,08598204 -0,1224152 0,1972437
-0,0845905 -0,1079952 0,2003072
-0,08070084 -0,09489644 0,2018067
-0,07569032 -0,08157179 0,2041694
-0,06844574 -0,06919153 0,2061161
-0,05708875 -0,06170306 0,209852
-0,05708875 -0,06170306 0,209852
-0,04640044 -0,05558845 0,2148687
-0,03551616 -0,04983155 0,2195823
-0,0242552 -0,04739916 0,2246315
-0,0134805 -0,04749162 0,2296011
-0,002331817 -0,04923359 0,2344941
0,00857039 -0,05632487 0,2396238
0,00857039 -0,05632487 0,2396238
0,01997394 -0,06463784 0,2427332
0,03006512 -0,07493418 0,2470741
0,03955409 -0,08835313 0,2515659
0,04985772 -0,1000904 0,2535975
0,06112045 -0,1122124 0,2549738
0,06112045 -0,1122124 0,2549738
0,07377276 -0,1227677 0,254954
0,08706158 -0,1331531 0,2562696
0,102278 -0,1413245 0,255706
0,1156997 -0,148928 0,2563592
0,1303076 -0,1555116 0,2561117
0,1303076 -0,1555116 0,2561117
0,1409781 -0,1531023 0,2586015
0,1545208 -0,1480557 0,2588793
0,1676528 -0,1409596 0,258717
0,1799099 -0,1315447 0,2576313
0,1869988 -0,1189101 0,2555801
0,1924302 -0,1065242 0,2552996
0,1924302 -0,1065242 0,2552996
0,1874422 -0,0972397 0,2568066
0,1843838 -0,08712411 0,2569568
0,177931 -0,07707545 0,2582675
0,1706355 -0,06885162 0,2581203
0,1592814 -0,06396249 0,2580512
0,1592814 -0,06396249 0,2580512
0,1467319 -0,06142426 0,2592805
0,1347585 -0,059315 0,2583731
0,123189 -0,05668598 0,2571067
0,1093273 -0,05717576 0,2560896
0,09617002 -0,05711216 0,2550499
0,09617002 -0,05711216 0,2550499
0,08166716 -0,06363955 0,2523621
0,06743041 -0,06730723 0,2508362
0,0512733 -0,07660685 0,2491687
0,03508203 -0,08495569 0,2465517
0,02001557 -0,09473418 0,241536
0,004027911 -0,1050849 0,2369116
0,004027911 -0,1050849 0,2369116
-0,01110995 -0,1182689 0,2299079
-0,02680326 -0,1303113 0,2233457
-0,04140713 -0,1437457 0,2193252
-0,05667812 -0,1533586 0,2146543
-0,06962494 -0,1619747 0,2114516
-0,06962494 -0,1619747 0,2114516
-0,07874314 -0,1617558 0,1970171
-0,08668335 -0,1582401 0,1840769
-0,09166221 -0,1524456 0,1743892
-0,09879383 -0,1435312 0,1728208
-0,1069789 -0,129295 0,177005
-0,1069789 -0,129295 0,177005
-0,1095092 -0,1134778 0,1792712
-0,107132 -0,09515043 0,1781562
-0,1028309 -0,08147201 0,1789858
-0,09506771 -0,07235011 0,1827288
-0,08613265 -0,06257375 0,1852215
-0,07673977 -0,05478103 0,1886943
-0,07673977 -0,05478103 0,1886943
-0,06650542 -0,04991272 0,1940519
-0,05570354 -0,04715276 0,1984418
-0,04502067 -0,04683712 0,2034416
-0,03544356 -0,05085894 0,2107868
-0,02429358 -0,05693415 0,21708
-0,02429358 -0,05693415 0,21708
-0,01329107 -0,06866369 0,2239258
-0,001889338 -0,07993561 0,229281
0,008889346 -0,09222278 0,2344493
0,02004598 -0,1107547 0,2439339
0,02941331 -0,1230477 0,248235
0,02941331 -0,1230477 0,248235
0,04155715 -0,1305829 0,2469712
0,05622983 -0,1391577 0,2484857
0,07012977 -0,1474349 0,2507925
0,08232775 -0,1511838 0,2508513
0,09389795 -0,1560096 0,2517216
0,1046245 -0,159719 0,2538555
0,1046245 -0,159719 0,2538555
0,111423 -0,1557749 0,2552894
0,1202897 -0,1522751 0,2570736
0,126741 -0,1443881 0,256865
0,1322362 -0,1351832 0,2566495
0,1341052 -0,1252616 0,2555479
0,1341052 -0,1252616 0,2555479
0,1336464 -0,1137683 0,2561822
0,1311763 -0,1040933 0,2570082
0,1284743 -0,09505343 0,2578983
0,1205464 -0,08874413 0,2583925
0,1137985 -0,08284774 0,2588705
0,1137985 -0,08284774 0,2588705
0,1052905 -0,08062726 0,2580191
0,09615906 -0,0778403 0,2574504
0,08609135 -0,0791015 0,2573358
0,07488632 -0,08092302 0,2563297
0,06406592 -0,0847221 0,2554662
0,05391541 -0,08999893 0,2535717
0,05391541 -0,08999893 0,2535717
0,04318805 -0,09715021 0,2530903
0,03012281 -0,1055769 0,2525675
0,02098908 -0,1129527 0,2475238
0,01050077 -0,1203113 0,2438853
-0,001148839 -0,1287796 0,2400741
-0,001148839 -0,1287796 0,2400741
-0,01323389 -0,1366356 0,2377373
-0,0253004 -0,1429583 0,2340862
-0,03701824 -0,1466911 0,2299519
-0,04703569 -0,1485842 0,2270231
-0,05848165 -0,1435246 0,2168195
-0,06668084 -0,1369963 0,2065076
-0,06668084 -0,1369963 0,2065076
-0,07269684 -0,1247641 0,2060477
-0,07772215 -0,1123834 0,2022918
-0,07691327 -0,09786476 0,1995318
-0,07453663 -0,08604489 0,1975951
-0,07001676 -0,07468882 0,196982
-0,07001676 -0,07468882 0,196982
-0,06365794 -0,06602642 0,1981103
-0,05692697 -0,05896333 0,2005822
-0,05024721 -0,05276164 0,2031899
-0,04256434 -0,04959708 0,2060299
-0,03532085 -0,04819383 0,2106913
-0,03532085 -0,04819383 0,2106913
-0,02625624 -0,05589513 0,2166964
-0,01646343 -0,06386541 0,2227817
-0,007124384 -0,07442583 0,2288115
0,003242827 -0,08472764 0,2337539
0,01251942 -0,09609562 0,241092
0,02350282 -0,1126096 0,2478439
0,02350282 -0,1126096 0,2478439
0,03598956 -0,1228579 0,2504723
