-0,05382973 -0,1192313 0,2954895
-0,05382413 -0,1191399 0,2955072
-0,05380636 -0,1191076 0,2955444
-0,05374932 -0,1190441 0,2955704
-0,05356628 -0,1189213 0,2955487
-0,05356628 -0,1189213 0,2955487
-0,05334729 -0,1189768 0,2955868
-0,05312651 -0,119069 0,2956493
-0,05283439 -0,1192132 0,2957227
-0,0526284 -0,1193724 0,2957139
-0,05222493 -0,1197227 0,295722
-0,05222493 -0,1197227 0,295722
-0,0518465 -0,119989 0,2956501
-0,0514676 -0,1201034 0,2955666
-0,05115861 -0,1200397 0,2954144
-0,05085343 -0,1200323 0,2952526
-0,0507046 -0,1201913 0,2950355
-0,0507046 -0,1201913 0,2950355
-0,05085945 -0,1204503 0,2946544
-0,05121469 -0,121224 0,2944045
-0,05261672 -0,1225473 0,2943053
-0,05455619 -0,1234494 0,2941025
-0,05455619 -0,1234494 0,2941025
-0,05986518 -0,1284909 0,2945008
-0,06649232 -0,1333257 0,2961347
-0,07569349 -0,1377317 0,2988679
-0,08576077 -0,1424053 0,3023255
-0,1001205 -0,1473997 0,3068497
-0,1001205 -0,1473997 0,3068497
-0,1203804 -0,1495198 0,311359
-0,1411133 -0,1506943 0,3159789
-0,1632805 -0,1506679 0,3231051
-0,1856979 -0,148196 0,3289446
-0,2082495 -0,1419152 0,3360585
-0,2082495 -0,1419152 0,3360585
-0,2325018 -0,1218393 0,3407235
-0,2533482 -0,1012925 0,3475087
-0,271585 -0,07522571 0,3506794
-0,2821607 -0,04490674 0,3539197
-0,2916594 -0,01205325 0,3564568
-0,2916594 -0,01205325 0,3564568
-0,284207 0,02345335 0,3532709
-0,2727588 0,05139327 0,3476692
-0,2547914 0,07163644 0,3394184
-0,2362452 0,09075141 0,3319614
-0,2362452 0,09075141 0,3319614
-0,2193229 0,1124218 0,3238776
-0,2008439 0,1329741 0,3157562
-0,1805723 0,146782 0,3070636
-0,1589076 0,1578014 0,2973857
-0,1362736 0,1658826 0,2886658
-0,1362736 0,1658826 0,2886658
-0,1145084 0,1640002 0,2801821
-0,09156311 0,1609565 0,2717698
-0,07137024 0,1581395 0,262611
-0,05178428 0,1551535 0,2545627
-0,02992713 0,1446705 0,245304
-0,02992713 0,1446705 0,245304
-0,01181734 0,1351326 0,2365234
0,004470348 0,1226867 0,2284107
0,02100158 0,1068515 0,2203424
0,03722948 0,0845511 0,2146575
0,05012304 0,05861199 0,2069657
0,05012304 0,05861199 0,2069657
0,05748349 0,03967166 0,2025039
0,06612372 0,01116991 0,1966329
0,0698694 -0,009395838 0,1895814
0,07404447 -0,02487695 0,1828191
0,05761772 -0,05226731 0,1713916
0,05761772 -0,05226731 0,1713916
0,04633331 -0,07116187 0,1878903
0,03288442 -0,07530439 0,2020057
0,0125522 -0,0780139 0,2294649
-0,009171247 -0,0835911 0,2620883
-0,05606908 -0,06583583 0,3053156
-0,05606908 -0,06583583 0,3053156
-0,105583 -0,06708229 0,3213243
-0,1434545 -0,0603987 0,3282511
-0,1563725 -0,05812502 0,3243532
-0,1574489 -0,05920255 0,317246
-0,1574489 -0,05920255 0,317246
-0,151583 -0,0670867 0,3121953
-0,1482449 -0,07198679 0,3106136
-0,1444368 -0,07604074 0,3120514
-0,1438575 -0,07528865 0,3135388
-0,1445946 -0,07248485 0,3152561
-0,1445946 -0,07248485 0,3152561
-0,1456446 -0,07014239 0,3161211
-0,1453604 -0,06911397 0,3169113
-0,1437968 -0,07038236 0,317239
-0,1425741 -0,07154489 0,3172899
-0,1404391 -0,07412744 0,3175933
-0,1404391 -0,07412744 0,3175933
-0,1385651 -0,07760572 0,3183537
-0,1377578 -0,07923126 0,3188325
-0,1373029 -0,08023894 0,3190804
-0,1370288 -0,08035445 0,3196211
-0,1368033 -0,08102441 0,3201578
-0,1368033 -0,08102441 0,3201578
-0,1367552 -0,08172369 0,3205645
-0,1367908 -0,08190775 0,3207967
-0,1367852 -0,08174503 0,3209075
-0,1368845 -0,08170915 0,3209243
-0,1369447 -0,08172691 0,3210739
-0,1369447 -0,08172691 0,3210739
-0,1370365 -0,0817138 0,3212135
-0,1371058 -0,08180881 0,3212878
-0,1371411 -0,08164585 0,3213813
-0,1372057 -0,08170605 0,3213139
-0,1374581 -0,08140087 0,3214488
-0,1374581 -0,08140087 0,3214488
-0,1378342 -0,08117294 0,3216394
-0,1382572 -0,08082509 0,3218192
-0,1384706 -0,0806427 0,3220632
-0,1386909 -0,08036673 0,3222448
-0,1386909 -0,08036673 0,3222448
-0,1387181 -0,08066821 0,3222463
-0,1387061 -0,08104575 0,3223372
-0,1387261 -0,08110154 0,3222947
-0,1389439 -0,08111763 0,322171
-0,1387829 -0,08140075 0,3220891
-0,1387829 -0,08140075 0,3220891
-0,138555 -0,08195794 0,3220968
-0,1384955 -0,08248889 0,3221045
-0,1387821 -0,08246529 0,322075
-0,1389337 -0,08269811 0,3219991
-0,1391449 -0,083161 0,3219271
-0,1391449 -0,083161 0,3219271
-0,1391193 -0,08418739 0,3217338
-0,1393279 -0,08480525 0,321501
-0,139967 -0,08474672 0,3212824
-0,1406326 -0,08456826 0,3211703
