0,08044535 -0,1397343 0,2547107
0,07749262 -0,1399209 0,2549554
0,07467562 -0,1402736 0,2548311
0,07027438 -0,1416987 0,2539658
0,06490411 -0,1443236 0,2531109
0,05859138 -0,1473076 0,2510725
0,0494499 -0,1515521 0,2480702
0,0494499 -0,1515521 0,2480702
0,03782828 -0,1568485 0,2445361
0,02509947 -0,1614712 0,2421025
0,01229834 -0,1627017 0,2389855
0,0004621085 -0,1621632 0,2354429
-0,005782981 -0,1539908 0,2205827
-0,005782981 -0,1539908 0,2205827
-0,009951049 -0,1400009 0,2146829
-0,01243616 -0,1276405 0,2122767
-0,01440874 -0,1158166 0,210793
-0,008144753 -0,109544 0,2145043
-0,004102224 -0,1010031 0,2177051
-0,004102224 -0,1010031 0,2177051
0,004841815 -0,0957807 0,22216
0,01455252 -0,09519383 0,2278386
0,0280102 -0,09944646 0,234387
0,03891358 -0,1112031 0,2421258
0,05469283 -0,1230499 0,2424674
0,05469283 -0,1230499 0,2424674
0,07155082 -0,1333143 0,2515928
0,08938055 -0,1391233 0,2541743
0,1048662 -0,1395613 0,2551478
0,1160941 -0,1376678 0,2573784
0,1254187 -0,1309114 0,2595767
0,1279588 -0,1207864 0,2594338
0,1279588 -0,1207864 0,2594338
0,126592 -0,1114858 0,2578205
0,1243408 -0,1036506 0,2580742
0,1179539 -0,09980819 0,2573288
0,1050402 -0,1006512 0,2579744
0,09391743 -0,1021087 0,2578794
0,09391743 -0,1021087 0,2578794
0,07694008 -0,1088906 0,2577082
0,0605216 -0,1177232 0,2552001
0,04484372 -0,125422 0,2520388
0,02628602 -0,1369315 0,2512018
0,01103563 -0,1427691 0,2441466
0,01103563 -0,1427691 0,2441466
-0,006264927 -0,1453861 0,2382691
-0,01945172 -0,1465821 0,2317455
-0,03050182 -0,1327894 0,216253
-0,03927822 -0,1238296 0,2087907
-0,0398878 -0,1124898 0,2086248
-0,03885488 -0,1047077 0,2091474
-0,03885488 -0,1047077 0,2091474
-0,03276521 -0,09008861 0,2132718
-0,02082322 -0,087075 0,2176259
-0,01207931 -0,08624065 0,2245183
-0,0007244006 -0,08612315 0,2304126
0,01046271 -0,09030688 0,2391079
0,01046271 -0,09030688 0,2391079
0,02752899 -0,1068453 0,2453281
0,04328406 -0,1206172 0,2547917
0,06388563 -0,1286547 0,2572399
0,08757905 -0,1340969 0,2547204
0,1094584 -0,1406617 0,25315
0,1253802 -0,1375141 0,2573853
0,1253802 -0,1375141 0,2573853
0,1400472 -0,1255048 0,2652198
0,1535551 -0,1155306 0,2684512
0,158951 -0,1042329 0,2679585
0,1624089 -0,093234 0,2679956
0,1587971 -0,08252639 0,2664189
0,1587971 -0,08252639 0,2664189
0,1507561 -0,07651493 0,2645395
0,1375531 -0,07705632 0,2681701
0,1238887 -0,07666442 0,271022
0,1082271 -0,07977298 0,2715736
0,08898032 -0,08841315 0,2733177
0,08898032 -0,08841315 0,2733177
0,06828022 -0,1050386 0,2695162
0,04762711 -0,1205442 0,2659442
0,02755043 -0,1367606 0,2588483
0,007164303 -0,1488099 0,2524479
-0,01229274 -0,1648161 0,2470276
-0,01229274 -0,1648161 0,2470276
-0,03096278 -0,1725457 0,2398752
-0,05099684 -0,1769317 0,2321346
-0,05869964 -0,1637293 0,2083683
-0,0639132 -0,1486695 0,1908111
-0,07334438 -0,1377813 0,185979
-0,07883999 -0,1208106 0,1846312
-0,07883999 -0,1208106 0,1846312
-0,07610331 -0,1033327 0,1896243
-0,07509048 -0,08483639 0,1919302
-0,06044567 -0,07929945 0,2038454
-0,04380445 -0,07556248 0,2126895
-0,03086155 -0,07329473 0,2226338
-0,03086155 -0,07329473 0,2226338
-0,01527234 -0,06936719 0,2317695
0,003078663 -0,07575585 0,2432987
0,0234944 -0,08735427 0,2519878
0,04400295 -0,106261 0,2573505
0,06329772 -0,1202422 0,2637981
0,08684568 -0,1340071 0,260961
0,08684568 -0,1340071 0,260961
0,108436 -0,1383747 0,2616459
0,1293215 -0,1424505 0,2626405
0,1515471 -0,140123 0,2703432
0,167933 -0,1333922 0,2692477
0,1826466 -0,1230859 0,2673086
0,1826466 -0,1230859 0,2673086
0,1858323 -0,1084039 0,2650667
0,1856212 -0,09737146 0,2641558
0,1809201 -0,08984029 0,2630408
0,1751757 -0,07932311 0,2627055
0,1651667 -0,0712674 0,2614889
0,1651667 -0,0712674 0,2614889
0,1495432 -0,07270664 0,2653041
0,1327421 -0,07529095 0,2679887
0,1152019 -0,08004358 0,2693106
0,09630393 -0,08834943 0,2704537
0,07656584 -0,09663406 0,2710909
0,05701651 -0,1132813 0,2659053
0,05701651 -0,1132813 0,2659053
0,03760263 -0,1310138 0,2616013
0,01814244 -0,1440722 0,2566208
0,00107625 -0,1557789 0,2499115
-0,01674121 -0,1681082 0,2475162
-0,03411691 -0,1760795 0,2401875
-0,03411691 -0,1760795 0,2401875
-0,0454162 -0,1757701 0,2290005
-0,05513599 -0,1620272 0,2096374
-0,06146354 -0,1456161 0,1951139
-0,0708826 -0,1359936 0,2002475
-0,06816202 -0,1246721 0,2000257
-0,06816202 -0,1246721 0,2000257
-0,06376745 -0,111609 0,2030821
-0,05473328 -0,09988081 0,2099017
-0,04140153 -0,09190269 0,2147918
-0,02969716 -0,08482677 0,2201266
-0,0131121 -0,08455116 0,2289429
0,0003144984 -0,08257902 0,2367328
0,0003144984 -0,08257902 0,2367328
0,0171495 -0,09291293 0,2430598
0,03297552 -0,1061119 0,2509722
0,04687292 -0,1230782 0,259746
0,06158292 -0,1372467 0,2631215
0,08308827 -0,1440243 0,2575279
0,08308827 -0,1440243 0,2575279
0,09903409 -0,1504095 0,2593082
0,1178438 -0,1539144 0,2570785
0,1331969 -0,1521407 0,2603455
0,1463861 -0,1493855 0,2647594
0,1578297 -0,1444224 0,2696707
0,1578297 -0,1444224 0,2696707
0,1608717 -0,1331103 0,2670411
0,1631225 -0,1223187 0,2689611
0,1631021 -0,1115194 0,2683418
0,1573684 -0,09745049 0,2686969
0,1512026 -0,08852378 0,2677104
0,1385208 -0,0824793 0,2668312
0,1385208 -0,0824793 0,2668312
0,1255285 -0,08001512 0,2651203
0,110435 -0,08188176 0,2654468
0,09536153 -0,08266401 0,2655922
0,07816591 -0,08843243 0,2650564
0,06092817 -0,09817266 0,2628318
0,06092817 -0,09817266 0,2628318
0,04326116 -0,115542 0,2581455
0,02645462 -0,1249215 0,2532714
0,009023256 -0,1359606 0,2467265
-0,007348217 -0,1442024 0,2404949
-0,02571972 -0,1554976 0,2377836
-0,04069135 -0,1593104 0,2340486
-0,04069135 -0,1593104 0,2340486
-0,04808102 -0,1506722 0,2171758
-0,05764038 -0,1423268 0,208602
-0,06663282 -0,1359893 0,2012157
-0,07759011 -0,1164199 0,2024148
-0,06986848 -0,112305 0,2034506
-0,06986848 -0,112305 0,2034506
-0,06347559 -0,09744897 0,2029222
-0,05602386 -0,08552617 0,2057459
-0,04566985 -0,08052877 0,2109145
-0,03495687 -0,07353072 0,2155915
-0,02259346 -0,07013331 0,2225288
-0,02259346 -0,07013331 0,2225288
-0,01011313 -0,06911004 0,230361
0,004013702 -0,07462633 0,2389039
0,01913467 -0,08218068 0,2457983
0,03341243 -0,09697467 0,2513391
0,04807751 -0,1101798 0,2559281
0,06042483 -0,1321191 0,2614326
0,06042483 -0,1321191 0,2614326
0,0785742 -0,1408865 0,2598629
0,09787323 -0,1458008 0,2600148
0,1152544 -0,1509036 0,2550071
0,1282172 -0,1512643 0,2580381
0,1407275 -0,1506754 0,268278
0,1407275 -0,1506754 0,268278
0,1482326 -0,141064 0,267427
0,1557465 -0,1304038 0,2659692
0,1574695 -0,1220854 0,265583
0,1572268 -0,1125233 0,2652154
0,151439 -0,1054236 0,2629053
0,151439 -0,1054236 0,2629053
0,1423883 -0,09885979 0,2610425
0,133888 -0,09359986 0,2585392
0,1208653 -0,09226644 0,2596701
0,1078445 -0,09167364 0,2594828
0,09365979 -0,09191936 0,2593584
0,07684612 -0,09573609 0,2589052
0,07684612 -0,09573609 0,2589052
0,05957276 -0,1014743 0,2547915
0,04157791 -0,1070005 0,2506948
0,02461446 -0,1131598 0,2450038
0,007494433 -0,1188529 0,237633
-0,008390902 -0,1226283 0,2306406
-0,008390902 -0,1226283 0,2306406
-0,02210648 -0,1263616 0,2254339
-0,03453704 -0,1239396 0,2204305
