0,001296432 0,002122015 0,001632706 0,001762116 0,001407759
0,001302706 0,00210577 0,001623808 0,001759279 0,00140523
0,00130891 0,002100224 0,001621874 0,00175776 0,001404702
0,001321521 0,002097547 0,001623693 0,001758459 0,001407378
0,001326189 0,002099084 0,001627177 0,001762644 0,001411716
0,001316326 0,002129662 0,001661501 0,001781761 0,001436965
0,001325329 0,002121461 0,001650652 0,001775236 0,001427431
0,00132554 0,002124959 0,001644357 0,001766328 0,001418491
0,001168163 0,002212692 0,001643627 0,001732997 0,001404074
0,001167688 0,00221043 0,001643137 0,001733496 0,001404295
0,001167688 0,00221043 0,001643137 0,001733496 0,001404295
0,001171604 0,002215335 0,001644716 0,001729642 0,001401997
0,001173055 0,002220027 0,001646037 0,001727109 0,001400601
0,001171235 0,002216294 0,001644099 0,001728524 0,001401088
0,001170333 0,002212374 0,001642555 0,001730906 0,001402372
0,001170647 0,002210699 0,001642039 0,001731832 0,001402858
0,001170647 0,002210699 0,001642039 0,001731832 0,001402858
0,001170379 0,002209023 0,001641097 0,001734163 0,00140402
0,001170819 0,002208648 0,001640704 0,001734822 0,001404274
0,001170927 0,002208657 0,001640276 0,001734919 0,001404147
0,001170418 0,002208568 0,001640061 0,00173457 0,00140388
0,001170471 0,002207804 0,001639973 0,001734546 0,001403865
0,001170471 0,002207804 0,001639973 0,001734546 0,001403865
0,001171202 0,002208895 0,001640346 0,001734017 0,001403935
0,001171544 0,002210022 0,001640784 0,001733959 0,001404099
0,001171424 0,002210737 0,001641188 0,001734014 0,001404294
0,001171168 0,002210992 0,001641602 0,001734028 0,001404507
0,001171023 0,002210739 0,00164177 0,001734275 0,001404728
0,001171161 0,002211742 0,00164344 0,001735067 0,001406034
0,001171161 0,002211742 0,00164344 0,001735067 0,001406034
0,001169797 0,002214089 0,001645832 0,001736454 0,001407849
0,001169543 0,002214773 0,001646727 0,001736936 0,001408564
0,001171893 0,00222367 0,001650002 0,001733167 0,00140678
0,001175798 0,002234859 0,00165424 0,001727086 0,001403658
0,001177188 0,00224366 0,001657852 0,00172539 0,001403949
0,001177188 0,00224366 0,001657852 0,00172539 0,001403949
0,001174127 0,002234044 0,001654243 0,001728766 0,001405512
0,001171679 0,002227908 0,001652561 0,001731765 0,001407165
0,001172695 0,002233836 0,001654985 0,001727163 0,001404471
0,00117097 0,002232564 0,001654712 0,001729008 0,001405257
0,00115956 0,002214256 0,001650314 0,001726802 0,001402773
0,00115956 0,002214256 0,001650314 0,001726802 0,001402773
0,001131569 0,00217161 0,001654105 0,001730725 0,001411447
0,001118946 0,002182626 0,001668685 0,001746058 0,001426431
0,001096912 0,002254823 0,001717523 0,001796666 0,001476156
0,001103023 0,002299555 0,001761898 0,001912994 0,001554551
0,001315135 0,002364922 0,001841711 0,002048834 0,001653584
0,001427948 0,002356001 0,001849735 0,002062926 0,001664545
0,001427948 0,002356001 0,001849735 0,002062926 0,001664545
0,001632153 0,00235229 0,001876918 0,002140254 0,001720251
0,001613086 0,002367851 0,001875601 0,002113289 0,001709343
0,001601047 0,002381073 0,001877084 0,002080151 0,001695929
0,001556275 0,002389842 0,001916968 0,002064254 0,001717105
0,001499231 0,002424383 0,001942129 0,002047498 0,001726658
0,001499231 0,002424383 0,001942129 0,002047498 0,001726658
0,001503566 0,002498298 0,001920446 0,001983712 0,0016732
0,001521483 0,002508938 0,001902684 0,001943815 0,00164268
0,00152694 0,002503925 0,001894303 0,001930861 0,001631657
0,001537182 0,002460109 0,001888796 0,001920158 0,00162247
0,001552005 0,002475939 0,001893922 0,001902653 0,001614579
0,001596435 0,002484908 0,001879717 0,001850999 0,001577445
0,001596435 0,002484908 0,001879717 0,001850999 0,001577445
0,001459304 0,002354957 0,001811423 0,001989064 0,00161125
0,001432433 0,002355014 0,001793318 0,001985353 0,001592261
0,001355474 0,002471138 0,001763187 0,001909707 0,001536709
0,001189048 0,002569688 0,001744285 0,001860973 0,00150899
0,001111088 0,002471225 0,001707276 0,001744721 0,001429277
0,001111088 0,002471225 0,001707276 0,001744721 0,001429277
0,0009566484 0,002931964 0,001747412 0,001826801 0,001503377
0,0009382076 0,003289147 0,001798766 0,001853034 0,00155181
0,0009141878 0,004159688 0,001836592 0,001852335 0,001571745
0,0009722923 0,003942604 0,00187362 0,001886877 0,001612023
0,001027972 0,00424184 0,001881353 0,001874757 0,001610879
0,001027972 0,00424184 0,001881353 0,001874757 0,001610879
0,001250491 0,002406619 0,001912953 0,001984536 0,001679006
0,001340331 0,002403519 0,001877303 0,001939594 0,001630761
0,00142861 0,002435904 0,001891079 0,001959571 0,001640735
0,001445915 0,002667392 0,00187748 0,001983674 0,001638356
0,001457979 0,002625808 0,001887476 0,002016356 0,001657985
0,001474302 0,002405255 0,001874986 0,002018926 0,001646005
0,001474302 0,002405255 0,001874986 0,002018926 0,001646005
0,00148895 0,002376327 0,001863714 0,001958422 0,001609289
0,001466743 0,002356018 0,001854948 0,001956875 0,001606446
0,001467133 0,002242047 0,001797696 0,001906327 0,001557896
0,00146588 0,002252426 0,001788102 0,001902686 0,001553801
0,001468124 0,002190147 0,001742053 0,001840811 0,001504697
0,001468124 0,002190147 0,001742053 0,001840811 0,001504697
0,001375519 0,002187695 0,001665673 0,001768075 0,001432422
0,001354204 0,002193758 0,00165092 0,00173478 0,001409945
0,001220223 0,002165926 0,001611396 0,001702868 0,001381179
0,001186143 0,002177214 0,001612677 0,001684069 0,001374297
0,001113664 0,002422569 0,001697835 0,001743594 0,001454282
0,001113664 0,002422569 0,001697835 0,001743594 0,001454282
0,001193943 0,002534155 0,00184733 0,001929782 0,00162535
0,00144431 0,002480323 0,001933955 0,002114344 0,001757991
0,001704211 0,002203003 0,00190709 0,002158219 0,001760177
0,001800439 0,002144571 0,00186596 0,002107708 0,001710079
0,001688668 0,002260457 0,001923193 0,002097935 0,0017259
0,001630997 0,002406067 0,001988958 0,002068408 0,001732654
0,001630997 0,002406067 0,001988958 0,002068408 0,001732654
0,001462799 0,002461616 0,001920585 0,002060613 0,001700271
0,001533157 0,002308367 0,001974386 0,002164535 0,001787131
0,001614497 0,002500076 0,002108653 0,002241579 0,00190266
0,001555375 0,002823705 0,002260083 0,002369977 0,002060589
0,001496819 0,002936981 0,002213017 0,002287945 0,001953912
0,001496819 0,002936981 0,002213017 0,002287945 0,001953912
0,001527761 0,002967624 0,002282679 0,002280559 0,001977483
0,001597257 0,002722376 0,001963573 0,002070125 0,001694908
0,00159847 0,00278257 0,001851122 0,001983833 0,001607882
0,001542536 0,002822262 0,001749179 0,001910393 0,001532727
0,00149058 0,002954497 0,001749713 0,001857768 0,001502662
0,00149058 0,002954497 0,001749713 0,001857768 0,001502662
0,001102243 0,003517452 0,001850437 0,001917742 0,001572513
0,0008945232 0,003988682 0,001864958 0,001886212 0,001584826
0,0009086657 0,00419363 0,001869596 0,001857302 0,001581201
0,0009299734 0,004118351 0,001891044 0,001883983 0,00162378
0,001103804 0,003973108 0,001926725 0,001893822 0,001644847
0,001371548 0,002389392 0,001908703 0,001956947 0,001671931
0,001371548 0,002389392 0,001908703 0,001956947 0,001671931
0,001431565 0,00257261 0,001846656 0,001930552 0,001611239
0,00144111 0,00266039 0,00185667 0,001956482 0,001621058
0,0014439 0,002577046 0,00184331 0,001953031 0,001597309
0,001436053 0,00251259 0,001841136 0,001970962 0,001600352
0,001425703 0,002431718 0,001814844 0,001940703 0,001569201
0,001425703 0,002431718 0,001814844 0,001940703 0,001569201
0,001430862 0,002415095 0,001820007 0,001922346 0,001565152
0,001426105 0,002407873 0,001823793 0,001922235 0,001569775
0,001434398 0,002400892 0,001845219 0,00192798 0,001587572
0,001442916 0,002340598 0,001843783 0,001930242 0,001590491
0,001449643 0,002328783 0,001826401 0,001915991 0,001577468
0,001449643 0,002328783 0,001826401 0,001915991 0,001577468
0,001433725 0,002326234 0,00181213 0,001904261 0,001566266
0,001428742 0,002300073 0,001806633 0,001899277 0,001562085
0,001418705 0,002274703 0,001796881 0,001889946 0,001554505
0,001420984 0,002260531 0,001795151 0,001887009 0,001553078
0,001423485 0,002246707 0,001793563 0,001881819 0,001550508
0,001426686 0,002248011 0,001793244 0,001877993 0,001549333
0,001426686 0,002248011 0,001793244 0,001877993 0,001549333
0,001426284 0,002270871 0,001798589 0,001878268 0,001552541
0,001421217 0,002275922 0,001797692 0,001876546 0,001551235
0,001420285 0,00228199 0,001800833 0,001878434 0,001553701
0,001418742 0,002281032 0,001801016 0,001879507 0,001553947
0,00141872 0,002276802 0,00180136 0,001880794 0,001554679
0,00141872 0,002276802 0,00180136 0,001880794 0,001554679
0,001419475 0,002276577 0,001802194 0,001881948 0,001555488
0,001418799 0,002265746 0,001799798 0,001880808 0,00155384
0,001415249 0,002262277 0,00179693 0,001879046 0,001551569
0,001410274 0,002265081 0,001792642 0,001876065 0,00154798
0,00140854 0,00226766 0,001792636 0,001876194 0,001547975
0,00140854 0,00226766 0,001792636 0,001876194 0,001547975
0,001407492 0,00227525 0,001794661 0,001879814 0,001550264
0,001406417 0,002276393 0,001793679 0,001879749 0,001549584
0,001407003 0,002280068 0,00179504 0,001880962 0,001550828
0,001409203 0,002302163 0,001801919 0,001884005 0,001555568
0,00142317 0,002361255 0,001830748 0,001902869 0,001577745
0,001426994 0,002391044 0,001848313 0,001917091 0,00159284
0,001426994 0,002391044 0,001848313 0,001917091 0,00159284
0,001438278 0,002383478 0,001845508 0,001933155 0,001593436
0,001448051 0,002377777 0,001838631 0,001932704 0,001586535
0,001442917 0,002404657 0,001835863 0,00193848 0,001586542
0,00145433 0,002344623 0,001819456 0,001936636 0,001576928
0,001465156 0,002255629 0,001801516 0,00193824 0,001571297
0,001465156 0,002255629 0,001801516 0,00193824 0,001571297
0,001456352 0,002241828 0,001754149 0,001869649 0,001519357
0,001444736 0,002256935 0,001747352 0,001852446 0,001507065
0,001362401 0,002120566 0,001665084 0,001760364 0,00142364
0,001170861 0,002120328 0,001642472 0,001745176 0,001413253
0,001151617 0,002249702 0,001732896 0,001849862 0,001515141
0,001151617 0,002249702 0,001732896 0,001849862 0,001515141
0,001428793 0,002381004 0,001862303 0,002069958 0,001683145
0,001577793 0,002263566 0,00187561 0,002081636 0,001701373
0,00162433 0,002265637 0,00192815 0,002101795 0,001731665
0,00155139 0,002473882 0,001968586 0,002142519 0,001772736
0,001545854 0,002566753 0,001871142 0,002046651 0,001728599
0,001433284 0,002383927 0,001811907 0,002041268 0,001753748
0,001433284 0,002383927 0,001811907 0,002041268 0,001753748
0,001410943 0,002476544 0,001905262 0,002044087 0,001734851
0,001472603 0,002424025 0,001863956 0,002034242 0,001672084
0,001433359 0,002548118 0,001884709 0,002051414 0,001672481
0,001312802 0,002668675 0,001865508 0,001927824 0,001589787
0,001122239 0,002744244 0,001710849 0,001830185 0,001469874
0,001122239 0,002744244 0,001710849 0,001830185 0,001469874
0,001126743 0,0023691 0,0017403 0,001844724 0,001509562
0,001230089 0,0024126 0,001756983 0,001846209 0,0015158
0,001304298 0,002376219 0,001756867 0,001865863 0,001524363
0,001322959 0,002329743 0,00174698 0,001875958 0,001525974
0,001313806 0,002323176 0,001748001 0,001874296 0,001526463
0,001311391 0,002360296 0,00175904 0,001878527 0,001533496
0,001311391 0,002360296 0,00175904 0,001878527 0,001533496
0,001314012 0,002389267 0,001752754 0,001864325 0,001522532
0,00132414 0,002385894 0,001759627 0,001871158 0,001530648
0,001333093 0,002338924 0,001770614 0,001867307 0,001530403
0,001322602 0,002291887 0,001771049 0,001863034 0,001529767
0,001321297 0,002264858 0,001767099 0,001859575 0,001525074
0,001321297 0,002264858 0,001767099 0,001859575 0,001525074
0,001312156 0,002215857 0,001754813 0,00184388 0,001509121
0,001311005 0,002208238 0,00175007 0,001841293 0,00150508
0,001310299 0,002208176 0,001744427 0,001839889 0,001501905
0,001304088 0,002213754 0,001733807 0,001833474 0,001494735
0,001302038 0,00221946 0,001729869 0,001832144 0,001492671
0,001302038 0,00221946 0,001729869 0,001832144 0,001492671
0,001299284 0,002248899 0,001726079 0,001824195 0,001487448
0,001300177 0,002268547 0,001726654 0,001822888 0,001487236
0,001301455 0,0022732 0,001728675 0,00182162 0,001487484
0,001305388 0,002276467 0,001730293 0,001822334 0,001488684
0,001308508 0,002274061 0,001729032 0,0018234 0,001488938
0,001308508 0,002274061 0,001729032 0,0018234 0,001488938
0,001310854 0,002267263 0,001726341 0,001822953 0,001487532
0,001310149 0,002267308 0,001726957 0,00182483 0,001488945
0,001310586 0,002266631 0,001727487 0,001825449 0,001489545
0,001310503 0,002264026 0,001728808 0,001827279 0,001491384
0,00130884 0,002262519 0,00172723 0,00182682 0,001490465
0,00130711 0,002258826 0,001720936 0,001822765 0,001485167
0,00130711 0,002258826 0,001720936 0,001822765 0,001485167
0,001308315 0,002261476 0,001716835 0,001817679 0,001480292
0,001307226 0,002265083 0,001713348 0,001813099 0,001476074
0,001308808 0,002274393 0,00171379 0,001811947 0,001475503
0,001310176 0,002277463 0,001715472 0,001812543 0,00147666
0,001308247 0,00227013 0,001713884 0,00181024 0,001474621
0,001308247 0,00227013 0,001713884 0,00181024 0,001474621
0,001308458 0,002264287 0,001713796 0,001808025 0,001473527
0,001308799 0,002262597 0,001712562 0,001807869 0,001472941
0,001319165 0,00226495 0,001707829 0,001798387 0,0014646
0,001315963 0,002264309 0,001709756 0,001800461 0,001466612
