0,001342754 0,002082752 0,001678076 0,002978977 0,001528715
0,001342754 0,002082752 0,001678076 0,002978977 0,001528715
0,001341988 0,002081644 0,001676331 0,002966799 0,001527575
0,001343274 0,002081882 0,001677006 0,002963773 0,001528132
0,001343504 0,002082368 0,001678213 0,002964641 0,001529251
0,001341973 0,00206669 0,00168246 0,003008062 0,001537573
0,001341973 0,00206669 0,00168246 0,003008062 0,001537573
0,001343758 0,002068041 0,00167904 0,00301359 0,001532068
0,00134207 0,002049538 0,001685225 0,003054418 0,001546662
0,001344197 0,002040086 0,001693813 0,003093451 0,001564291
