-0,01126621 -0,1176874 0,261824
-0,01126621 -0,1176874 0,261824
-0,01127733 -0,1179913 0,2617007
-0,01126584 -0,1182775 0,2616799
-0,01062342 -0,1193215 0,2619942
-0,009733814 -0,1205748 0,2623798
-0,00840445 -0,1226593 0,2630745
-0,00840445 -0,1226593 0,2630745
-0,005696354 -0,1258201 0,2646358
-0,002073056 -0,1286211 0,2668572
0,001959987 -0,1302133 0,269339
0,007479047 -0,1321038 0,2717243
0,01377425 -0,1332505 0,274025
0,01377425 -0,1332505 0,274025
0,02140901 -0,1338302 0,2769361
0,02980046 -0,1346232 0,279604
0,03892704 -0,1362029 0,2839119
0,04852671 -0,135556 0,2877126
0,05825377 -0,1347049 0,2911705
0,06973893 -0,1334969 0,293844
0,06973893 -0,1334969 0,293844
0,08025224 -0,1308346 0,2977697
0,09217102 -0,1267995 0,3018724
0,1036681 -0,1221941 0,3059781
0,115136 -0,1173117 0,3087676
0,1272246 -0,1085606 0,3125554
0,1272246 -0,1085606 0,3125554
0,1365836 -0,1009883 0,3158853
0,1467191 -0,09244329 0,3185235
0,1543711 -0,08489344 0,3219844
0,1612532 -0,07472 0,3227727
0,1657921 -0,06460321 0,3229563
0,1657921 -0,06460321 0,3229563
0,1668029 -0,0546802 0,3249952
0,1679904 -0,04334259 0,3257757
0,168858 -0,03186372 0,3261141
0,16583 -0,02317074 0,3241099
0,162048 -0,01541457 0,3228542
0,162048 -0,01541457 0,3228542
0,1572809 -0,006038666 0,3219655
0,1507095 0,0009743273 0,3196877
0,1441332 0,008749843 0,3175257
0,1366425 0,01404607 0,3145079
0,1303359 0,02210513 0,3114523
0,1227795 0,02926525 0,3093821
0,1227795 0,02926525 0,3093821
0,1143777 0,03580913 0,3060811
0,104664 0,03863961 0,3033021
0,0957503 0,04500976 0,2998203
0,08620169 0,04716888 0,2952866
0,07595344 0,05161417 0,2924574
0,07595344 0,05161417 0,2924574
0,06594804 0,05236565 0,2876958
0,05499915 0,05436021 0,2835637
0,04352744 0,0533879 0,2802575
0,03360019 0,05685478 0,2754466
0,02387807 0,0548141 0,2704884
0,01316766 0,05116445 0,2664227
0,01316766 0,05116445 0,2664227
0,004699174 0,04829428 0,261772
-0,004168066 0,04676099 0,2571473
-0,01296084 0,04483917 0,2529658
-0,0208753 0,03928243 0,2487586
-0,02863161 0,03620976 0,2447094
-0,02863161 0,03620976 0,2447094
-0,03539918 0,03287755 0,2412312
-0,04107091 0,02686222 0,2369474
-0,04747887 0,02030154 0,2340983
-0,04959893 0,01311921 0,2305576
-0,05234413 0,005952716 0,2276014
-0,05234413 0,005952716 0,2276014
-0,0514438 -0,002649888 0,2251079
-0,05261018 -0,01040784 0,2244694
-0,05239284 -0,02146012 0,2249829
-0,0527854 -0,02971128 0,2263898
-0,05192577 -0,03847654 0,2287236
-0,0511868 -0,04534 0,2319875
-0,0511868 -0,04534 0,2319875
-0,04777561 -0,05211712 0,2365793
-0,0440831 -0,05882128 0,2412694
-0,03843452 -0,06763878 0,2459202
-0,03314229 -0,07531601 0,2516314
-0,02390276 -0,08439788 0,2579251
-0,02390276 -0,08439788 0,2579251
-0,01616983 -0,08563364 0,2630883
-0,006405557 -0,09229776 0,269741
0,004413419 -0,09597111 0,276188
0,01739216 -0,1024909 0,2821925
0,03026006 -0,1054523 0,2897983
0,03026006 -0,1054523 0,2897983
0,04401756 -0,105543 0,2958541
0,05800581 -0,1077849 0,3038499
0,07246009 -0,1056512 0,3116941
0,08443572 -0,1113414 0,3165066
0,09589617 -0,1085961 0,3190258
0,1064768 -0,1061785 0,3196267
0,1064768 -0,1061785 0,3196267
0,1075305 -0,1030584 0,3192057
0,1090114 -0,1022579 0,3176553
0,1097226 -0,1013087 0,316317
0,1091361 -0,1007783 0,3147624
0,1084374 -0,09895861 0,3130223
0,1084374 -0,09895861 0,3130223
0,1054884 -0,09992 0,3119429
0,1031855 -0,09957555 0,3112124
0,1016557 -0,0992718 0,3104167
0,100111 -0,09850645 0,3098798
0,09801444 -0,09926605 0,3088951
0,09801444 -0,09926605 0,3088951
0,09645462 -0,09961057 0,3088124
0,09458593 -0,09980384 0,3089336
0,09320157 -0,1003534 0,3089423
0,09173334 -0,1014571 0,3090372
0,09074012 -0,1020323 0,3093071
0,09064592 -0,1017323 0,3093227
0,09064592 -0,1017323 0,3093227
0,09087522 -0,1011211 0,3094617
0,09101584 -0,1009293 0,3093379
0,09087597 -0,1008908 0,3094891
0,09092525 -0,1008416 0,3094952
0,0909692 -0,1007542 0,3094794
0,0909692 -0,1007542 0,3094794
0,09117414 -0,1010532 0,3092823
0,09114049 -0,1014612 0,3092747
0,09118088 -0,1018436 0,3093482
0,09169441 -0,101653 0,3094141
0,09205405 -0,1017634 0,309533
0,09205405 -0,1017634 0,309533
0,09248428 -0,1014135 0,3096618
0,09279107 -0,1013376 0,3098281
0,09297547 -0,1012644 0,309861
0,09304526 -0,1012964 0,3099652
0,09302431 -0,1016068 0,3098639
0,0929895 -0,1012594 0,3099325
0,0929895 -0,1012594 0,3099325
0,09288377 -0,1013805 0,3099133
0,09258063 -0,1017313 0,3098249
0,09229484 -0,101683 0,3098332
0,09191721 -0,1018983 0,3098593
0,0914311 -0,1024139 0,3100139
0,0914311 -0,1024139 0,3100139
0,09102979 -0,1029642 0,3101818
0,0908078 -0,1032557 0,3103688
0,09120089 -0,1031625 0,3102692
0,09095719 -0,1031667 0,3105107
0,09061399 -0,1035094 0,3107117
0,09042425 -0,1039005 0,3107386
0,09042425 -0,1039005 0,3107386
0,0902339 -0,1042995 0,3107635
0,09008332 -0,1046127 0,3108757
0,09004723 -0,104846 0,3108804
0,0900455 -0,1049376 0,3109144
0,0899625 -0,1051888 0,3109508
0,0899625 -0,1051888 0,3109508
0,09011447 -0,1052218 0,3109955
0,09031211 -0,1052609 0,3109651
0,09050186 -0,1050409 0,3110322
0,09074013 -0,105085 0,3109226
0,09109344 -0,1047373 0,3109171
0,09109344 -0,1047373 0,3109171
0,09153268 -0,1046707 0,3110056
0,09191209 -0,1048103 0,3109777
0,09216865 -0,1052193 0,310792
0,09247811 -0,1052019 0,3107573
0,09255363 -0,1055226 0,3106582
0,09255363 -0,1055226 0,3106582
0,09266949 -0,1058161 0,3106311
0,09281337 -0,105897 0,310677
0,09281982 -0,1061676 0,310578
0,09288555 -0,1061113 0,310538
0,0929455 -0,1060692 0,310557
0,09284498 -0,106397 0,3104697
0,09284498 -0,106397 0,3104697
0,09288888 -0,1061633 0,3105159
0,09287723 -0,106274 0,3104649
0,09290952 -0,1061829 0,3104868
0,09295701 -0,1059212 0,3104704
0,09286556 -0,1058699 0,3104837
0,09286556 -0,1058699 0,3104837
