-0,01450486 -0,1341561 0,2704795
-0,01450486 -0,1341561 0,2704795
-0,01498804 -0,1339877 0,2705055
-0,01526734 -0,1337593 0,2704702
-0,015508 -0,1336499 0,2704515
-0,01572864 -0,1335025 0,2704611
-0,01586656 -0,1333793 0,2703722
-0,01604297 -0,1333227 0,2702707
-0,01604297 -0,1333227 0,2702707
-0,01627055 -0,133099 0,2701744
-0,01646873 -0,1330874 0,2701057
-0,01666326 -0,1331516 0,270041
-0,01681688 -0,1333093 0,2698932
-0,01695279 -0,1339329 0,2698836
-0,01695279 -0,1339329 0,2698836
-0,01670165 -0,134845 0,2701001
-0,01609872 -0,1362035 0,2704987
-0,01406737 -0,1391409 0,2722203
-0,01058609 -0,1423085 0,2741635
-0,003776046 -0,1459218 0,2777709
-0,003776046 -0,1459218 0,2777709
0,005363314 -0,1487916 0,2824521
0,01794955 -0,1486669 0,2882991
0,03260954 -0,1471664 0,2963054
0,05231014 -0,13954 0,3023584
0,07033776 -0,1323393 0,3092295
0,08953061 -0,1150279 0,3174498
0,08953061 -0,1150279 0,3174498
0,1077098 -0,09657332 0,3238207
0,1220119 -0,0749785 0,3267354
0,1354218 -0,05107796 0,3283016
0,1375978 -0,02771139 0,3253694
0,1403355 -0,002730459 0,3207481
0,1403355 -0,002730459 0,3207481
0,1256096 0,01139235 0,3083143
0,1148098 0,02984029 0,2996372
0,1016749 0,04407243 0,2904542
0,08833607 0,05858743 0,2792221
0,06838541 0,06083497 0,2676234
0,06838541 0,06083497 0,2676234
0,05094134 0,07227346 0,2562339
0,03282857 0,07554375 0,2452175
0,01462617 0,07417803 0,2353643
-0,002632082 0,07183126 0,2264919
-0,01879646 0,07124692 0,2180478
-0,03293065 0,05546813 0,212859
-0,03293065 0,05546813 0,212859
-0,0483798 0,05720933 0,2055595
-0,06153326 0,05173098 0,1984638
-0,06912333 0,03229183 0,1942187
-0,07516231 0,01747306 0,1878588
-0,07941089 -0,0009229183 0,1911402
-0,07941089 -0,0009229183 0,1911402
-0,07603303 -0,01882926 0,1968935
-0,06744619 -0,0387252 0,2104978
-0,05637652 -0,05598709 0,227519
-0,0313056 -0,07363912 0,2558406
-0,001734963 -0,09294966 0,2855805
0,03316741 -0,1009744 0,3093128
0,03316741 -0,1009744 0,3093128
0,06829821 -0,1005474 0,3221015
0,09681556 -0,09841731 0,3337175
0,1188999 -0,09259009 0,3412922
0,1271436 -0,08510038 0,3362205
0,1343124 -0,08028656 0,333624
0,1343124 -0,08028656 0,333624
0,1337122 -0,07282123 0,3284361
0,1331064 -0,07059935 0,3268645
0,1282023 -0,07280049 0,3252842
0,1232074 -0,07556257 0,324504
0,1179361 -0,07741109 0,3231688
0,1179361 -0,07741109 0,3231688
0,1135383 -0,07887176 0,3220803
0,1087418 -0,0811289 0,3216448
0,1052131 -0,0810582 0,3214955
0,1015967 -0,0826247 0,3207627
0,09877162 -0,08331892 0,3202524
0,09877162 -0,08331892 0,3202524
0,09800468 -0,08207279 0,3201373
0,09620176 -0,08316809 0,319532
0,09512395 -0,08326417 0,3196836
0,09397558 -0,08439171 0,319132
0,0943315 -0,08405414 0,319298
0,09454107 -0,08401752 0,3193155
0,09454107 -0,08401752 0,3193155
0,09443286 -0,08452132 0,3192442
0,09432238 -0,08562794 0,3190274
0,09451352 -0,08618078 0,3188528
0,09514973 -0,08593249 0,3188922
0,0955478 -0,08626831 0,3188251
0,0955478 -0,08626831 0,3188251
0,09634507 -0,08535498 0,3187667
0,09674294 -0,08521596 0,3187727
0,09719126 -0,08547345 0,3185773
0,0975557 -0,08588195 0,3184169
0,09824914 -0,08594415 0,3184329
0,09824914 -0,08594415 0,3184329
0,0990027 -0,0857532 0,3183681
0,09956855 -0,08594081 0,3182989
0,09999365 -0,08632308 0,3182388
0,1003383 -0,08673835 0,318135
0,1004899 -0,08741075 0,3182187
0,1001097 -0,08877292 0,3183009
0,1001097 -0,08877292 0,3183009
0,1005217 -0,08885643 0,3180181
0,1007325 -0,08899236 0,3179378
0,1006482 -0,08964595 0,3176634
0,1008203 -0,08987066 0,3174521
0,1009247 -0,09068951 0,3170975
0,1009247 -0,09068951 0,3170975
0,1010912 -0,09064683 0,3172478
0,1010972 -0,09136623 0,3171059
0,1013737 -0,09158993 0,3169044
0,1017062 -0,09143275 0,3170282
0,1019512 -0,09160429 0,3170724
0,1019512 -0,09160429 0,3170724
0,1022788 -0,09166002 0,3169899
0,1024361 -0,09192616 0,3169132
0,1025854 -0,09195486 0,3168539
0,1026345 -0,09238634 0,316686
0,1026904 -0,09265107 0,3166253
0,1028722 -0,09259692 0,3165891
0,1028722 -0,09259692 0,3165891
0,1028905 -0,09297168 0,3165926
0,1029251 -0,09303331 0,3165607
0,1029133 -0,09325293 0,3165529
0,102835 -0,09362057 0,3165618
0,1030371 -0,09378633 0,3164112
0,1030371 -0,09378633 0,3164112
0,1028426 -0,09384638 0,3164932
0,1028391 -0,09395164 0,3164541
0,1028758 -0,09406558 0,316438
0,1029355 -0,09408611 0,3164664
0,1029914 -0,09412161 0,3164215
0,1029914 -0,09412161 0,3164215
0,1029365 -0,09462413 0,3165899
