0,06386656 -0,1360571 0,2530621
0,06247192 -0,1378732 0,2531241
0,06059118 -0,1403517 0,252955
0,05601238 -0,1459265 0,252838
0,05065463 -0,1520735 0,251578
0,04365086 -0,1587667 0,2503939
0,04365086 -0,1587667 0,2503939
0,03394444 -0,1637665 0,2467515
0,02338641 -0,167948 0,244519
0,01328427 -0,1705652 0,2420728
0,002529742 -0,1678107 0,2409523
-0,001492484 -0,1589762 0,2345902
-0,001492484 -0,1589762 0,2345902
-0,004231909 -0,1486444 0,2324793
-0,006398619 -0,1356779 0,2284124
-0,004711768 -0,1227342 0,226292
-0,001839669 -0,111514 0,22555
0,001934854 -0,1015848 0,2270128
0,009793848 -0,09282246 0,2257324
0,009793848 -0,09282246 0,2257324
0,0173355 -0,08892585 0,2287773
0,02535655 -0,09280634 0,2317591
0,03389744 -0,09834318 0,2348268
0,04151938 -0,109345 0,2392584
0,05048274 -0,122209 0,2437288
0,05048274 -0,122209 0,2437288
0,06145206 -0,1390516 0,2508776
0,07596926 -0,1508532 0,2527779
0,09403914 -0,1554747 0,2519342
0,1073009 -0,1606567 0,2563367
0,1174984 -0,1560997 0,2588879
0,1174984 -0,1560997 0,2588879
0,1250692 -0,144412 0,2602788
0,1296938 -0,1315494 0,2591406
0,1319036 -0,118679 0,2580224
0,1280794 -0,1064874 0,2567498
0,1202036 -0,09967873 0,254685
0,1090017 -0,09611371 0,2529903
0,1090017 -0,09611371 0,2529903
0,09193531 -0,1042364 0,2523177
0,07689982 -0,1109617 0,2507938
0,05974713 -0,121812 0,2503077
0,04289208 -0,1332028 0,2483908
0,02492438 -0,1504015 0,2439644
0,02492438 -0,1504015 0,2439644
0,00641916 -0,1588808 0,2394479
-0,01283812 -0,1662493 0,2389836
-0,02716879 -0,1672349 0,2303177
-0,03295624 -0,1489862 0,2149171
-0,03838034 -0,1338974 0,2078265
-0,04343516 -0,1179857 0,2156266
-0,04343516 -0,1179857 0,2156266
-0,03761525 -0,1012456 0,2155223
-0,03088072 -0,08745429 0,2146315
-0,02157921 -0,07756674 0,2154384
-0,01426732 -0,0741103 0,2210202
-0,004437874 -0,07259575 0,2268268
-0,004437874 -0,07259575 0,2268268
0,006017314 -0,08646145 0,2332584
0,01653375 -0,09816989 0,2404206
0,02956369 -0,1123323 0,2468136
0,04421987 -0,1271496 0,2529642
0,06236134 -0,1466773 0,259111
0,06236134 -0,1466773 0,259111
0,08559682 -0,1456525 0,2567528
0,1025422 -0,1455696 0,2601178
0,1162687 -0,141105 0,262817
0,1246261 -0,1301235 0,2637008
0,1336864 -0,1158791 0,2632499
0,1336864 -0,1158791 0,2632499
0,1329615 -0,1028692 0,2629739
0,1302534 -0,09134269 0,2623842
0,1220696 -0,08575252 0,2621059
0,1121713 -0,08295962 0,2636633
0,09972286 -0,08338308 0,2645918
0,08399228 -0,09331536 0,2649119
0,08399228 -0,09331536 0,2649119
0,06492824 -0,1072336 0,2641836
0,04574358 -0,1216019 0,2622136
0,02472408 -0,1365656 0,2583143
0,003777219 -0,1506402 0,2513818
-0,01590572 -0,1598325 0,2454348
-0,01590572 -0,1598325 0,2454348
-0,03162448 -0,161472 0,2425972
-0,04624807 -0,1559077 0,2342492
-0,0529911 -0,1371769 0,218623
-0,05635031 -0,1221395 0,2181588
-0,05496871 -0,1008797 0,2169893
-0,04924583 -0,08720124 0,2184582
-0,04924583 -0,08720124 0,2184582
-0,03391043 -0,08068343 0,2203642
-0,02207294 -0,07304491 0,2258449
-0,008646562 -0,07167365 0,2304726
0,003960123 -0,08065057 0,2413777
0,0171977 -0,08933857 0,2482334
0,0171977 -0,08933857 0,2482334
0,03614597 -0,1100069 0,2505657
0,0557465 -0,1301944 0,2590156
0,07560053 -0,1414986 0,2639869
0,09949386 -0,1519079 0,2616701
0,1170112 -0,1540264 0,2642392
0,1170112 -0,1540264 0,2642392
0,1261744 -0,1467996 0,2655413
0,1358248 -0,1397675 0,267262
0,1423967 -0,1302748 0,2679415
0,1406986 -0,1192995 0,2675296
0,1387946 -0,1079315 0,2673282
0,1327534 -0,09875104 0,2662398
0,1327534 -0,09875104 0,2662398
0,1158847 -0,09981149 0,2662848
0,09979653 -0,1047842 0,2659114
0,08305477 -0,1091743 0,2663547
0,06562572 -0,1171058 0,2639208
0,04695345 -0,1282677 0,2614248
0,04695345 -0,1282677 0,2614248
0,02764635 -0,1393804 0,2577009
0,008923156 -0,1446208 0,2515257
-0,006797164 -0,1489319 0,2473527
-0,02113556 -0,1456492 0,2427281
-0,03118704 -0,1376748 0,2369414
-0,03118704 -0,1376748 0,2369414
-0,03220873 -0,1169657 0,2288516
-0,03097177 -0,1037201 0,2300981
-0,02641516 -0,09272549 0,2289097
-0,01700391 -0,08405834 0,2299551
-0,00894848 -0,07556677 0,2339737
0,002243652 -0,07305892 0,2387337
0,002243652 -0,07305892 0,2387337
0,01480737 -0,08183977 0,245393
0,02778654 -0,09241641 0,2509287
0,04154688 -0,1069276 0,2551811
0,05676652 -0,1287477 0,2587904
0,07484818 -0,143381 0,2703595
0,07484818 -0,143381 0,2703595
0,09694023 -0,146752 0,2672653
0,1140069 -0,1484825 0,26956
0,1266544 -0,1465499 0,2713843
0,1339299 -0,1354716 0,2714814
0,1423782 -0,1214995 0,2712216
0,1423782 -0,1214995 0,2712216
0,1400982 -0,1065138 0,2680598
0,1372638 -0,09279922 0,2656683
0,127143 -0,08399022 0,2652466
