0,1251722 -0,109207 0,2283049
0,1250871 -0,1071462 0,2287805
0,1248023 -0,1049879 0,2293111
0,1236653 -0,1011695 0,2306151
0,1236653 -0,1011695 0,2306151
0,1217148 -0,09573916 0,2319398
0,1190545 -0,09044047 0,2332157
0,1161388 -0,08532849 0,2339769
0,1117347 -0,08249146 0,2345822
0,1068446 -0,07980078 0,2354538
0,1068446 -0,07980078 0,2354538
0,1003062 -0,07975608 0,2356577
0,09336883 -0,08009699 0,2357341
0,08498182 -0,08425562 0,2355532
0,07628074 -0,08922936 0,2353843
0,06682712 -0,09543815 0,2349183
0,06682712 -0,09543815 0,2349183
0,05647733 -0,1033239 0,2329139
0,04559926 -0,1121498 0,2303606
0,03516039 -0,1207801 0,2266819
0,02350905 -0,1303938 0,2225462
0,01057858 -0,1409306 0,2191546
0,01057858 -0,1409306 0,2191546
-0,00503568 -0,1496846 0,218281
-0,0202182 -0,1566146 0,2148688
-0,03474392 -0,163848 0,2112851
-0,04940036 -0,161768 0,2061467
-0,0631783 -0,1620006 0,1994049
-0,0631783 -0,1620006 0,1994049
-0,07071833 -0,152088 0,1859222
-0,08354248 -0,1438923 0,1839501
-0,09661093 -0,1328897 0,1835089
-0,1060241 -0,1217428 0,1849349
-0,1089998 -0,1066393 0,1828462
-0,1089998 -0,1066393 0,1828462
-0,1064007 -0,09350207 0,1834095
-0,103498 -0,0823814 0,1854081
-0,09873204 -0,07109958 0,186894
-0,09374762 -0,061589 0,1889135
-0,09374762 -0,061589 0,1889135
-0,086262 -0,05581607 0,1924117
-0,07793423 -0,04993676 0,1947882
-0,06775925 -0,04874526 0,1984952
-0,05767406 -0,05021182 0,2031976
-0,04739833 -0,05629236 0,2082971
-0,04739833 -0,05629236 0,2082971
-0,03626736 -0,06601267 0,2132837
-0,02520763 -0,07535285 0,2178663
-0,0122622 -0,09068359 0,2209498
-7,983393E-05 -0,1053383 0,2246589
0,01264376 -0,1189193 0,2284085
0,01264376 -0,1189193 0,2284085
0,02785705 -0,1299143 0,2262413
0,04045374 -0,140387 0,2286834
0,05309683 -0,1491745 0,2312161
0,07069598 -0,1562556 0,2287749
0,08466824 -0,1583571 0,2228087
0,08466824 -0,1583571 0,2228087
0,09569933 -0,1608999 0,2241321
0,1081838 -0,1605991 0,223031
0,1158786 -0,1586172 0,2244331
0,1245652 -0,1555544 0,2260854
0,130947 -0,1493093 0,2259985
0,130947 -0,1493093 0,2259985
0,1357162 -0,1413171 0,2257032
0,1394309 -0,1339641 0,2252966
0,1406953 -0,1270927 0,2242272
0,1408504 -0,1212019 0,2238379
0,1408504 -0,1212019 0,2238379
0,1395602 -0,1158968 0,2236723
0,137902 -0,1111991 0,2243551
0,1357756 -0,1078806 0,2242247
0,133708 -0,105248 0,2241868
0,1314752 -0,1039348 0,2243343
0,1314752 -0,1039348 0,2243343
0,1298388 -0,1025004 0,224038
0,1284157 -0,1011584 0,2241848
0,1269321 -0,1005874 0,2239632
0,1255736 -0,101135 0,2236271
0,1243384 -0,1014041 0,2233005
0,1243384 -0,1014041 0,2233005
0,1232547 -0,102852 0,223215
0,1223575 -0,103698 0,2231309
0,1214548 -0,1046757 0,222995
0,1208331 -0,105505 0,2226687
0,1202033 -0,1063724 0,2222366
0,1202033 -0,1063724 0,2222366
0,1197303 -0,1071861 0,2220438
0,1193505 -0,1078562 0,2217838
0,1192968 -0,1080467 0,2216336
0,1191699 -0,1082365 0,221555
0,1191978 -0,1083963 0,2214445
0,1191978 -0,1083963 0,2214445
0,1192099 -0,1084661 0,2213279
0,1192559 -0,1085626 0,2212822
0,1193219 -0,1084982 0,2212472
0,1194273 -0,1084994 0,2211989
0,1194457 -0,1085341 0,2212886
0,1194457 -0,1085341 0,2212886
0,1195588 -0,1086906 0,2212628
0,1195475 -0,108902 0,2213605
0,1196122 -0,1090387 0,221369
0,1196059 -0,1092283 0,22141
0,1196059 -0,1092283 0,22141
0,1195731 -0,1095385 0,221435
0,1195464 -0,1098655 0,2215053
0,1195333 -0,110165 0,2215628
0,1194636 -0,1105556 0,2215718
0,1194043 -0,1109676 0,2215591
0,1194043 -0,1109676 0,2215591
0,1194302 -0,1113931 0,2215162
0,119509 -0,1118122 0,2214573
0,1196648 -0,1122198 0,2213999
0,1198747 -0,1126909 0,2213999
0,1199475 -0,1134098 0,2213674
0,1199475 -0,1134098 0,2213674
0,1201704 -0,1140873 0,2212927
0,1203921 -0,11478 0,2211927
0,1207169 -0,1151755 0,2209941
0,1211668 -0,115482 0,2207457
0,1216527 -0,1158642 0,2205241
0,1216527 -0,1158642 0,2205241
0,1221413 -0,1162681 0,2206477
0,1224987 -0,1167545 0,2207587
0,1228928 -0,1171715 0,2208302
0,1234821 -0,1169936 0,220533
0,1239877 -0,1169616 0,2203628
0,1239877 -0,1169616 0,2203628
0,1244723 -0,1168564 0,2201308
0,1250292 -0,1167874 0,2198509
0,1253967 -0,1167637 0,2198404
0,1257022 -0,1168418 0,2196529
0,1258146 -0,1170034 0,2196364
0,1258146 -0,1170034 0,2196364
0,1259831 -0,117268 0,2196737
0,1259159 -0,1175717 0,2196696
0,1261342 -0,1176645 0,2195248
0,1262856 -0,1177495 0,2193611
0,1262856 -0,1177495 0,2193611
0,1264633 -0,1177924 0,2191693
0,1267181 -0,1178448 0,2189505
0,1268895 -0,1179666 0,2188207
0,1270298 -0,1181129 0,2186671
0,1271465 -0,1183028 0,2185504
0,1271465 -0,1183028 0,2185504
0,1273138 -0,1183936 0,2183802
0,1274886 -0,1185033 0,218275
0,1276447 -0,1186673 0,2182412
