0,1148851 -0,1321723 0,2447532
0,1166348 -0,1303551 0,2462806
0,1181766 -0,127813 0,2475315
0,1196216 -0,1230562 0,2490387
0,120682 -0,1175184 0,2502134
0,1210946 -0,1109372 0,2508011
0,1210946 -0,1109372 0,2508011
0,119873 -0,1009209 0,2528281
0,1187708 -0,09039545 0,2544293
0,1163696 -0,08162993 0,2561422
0,1118781 -0,07370198 0,2558575
0,1069529 -0,06623372 0,2564521
0,1069529 -0,06623372 0,2564521
0,1011512 -0,0592083 0,2584301
0,09526334 -0,05170089 0,2595231
0,08872923 -0,04549944 0,2610357
0,08006098 -0,04412839 0,2621227
0,07207506 -0,04180184 0,2635425
0,07207506 -0,04180184 0,2635425
0,06271012 -0,04529455 0,2639222
0,05191555 -0,05031398 0,2639711
0,04171399 -0,05579549 0,26412
0,03052407 -0,06572047 0,2634199
0,01962114 -0,07410786 0,2631543
0,01962114 -0,07410786 0,2631543
0,005503673 -0,09071249 0,2615878
-0,006650889 -0,1036986 0,2587873
-0,01812551 -0,1153181 0,253624
-0,03134064 -0,1277184 0,2484644
-0,03134064 -0,1277184 0,2484644
-0,04333417 -0,138927 0,2440855
-0,0558573 -0,1508497 0,2401408
-0,06782923 -0,1599625 0,238109
-0,07968127 -0,1648145 0,2336791
-0,09093597 -0,1660076 0,228562
-0,09093597 -0,1660076 0,228562
-0,1009677 -0,160812 0,2208377
-0,1114855 -0,1527485 0,2158555
-0,1196709 -0,1429353 0,2133328
-0,1257573 -0,1318561 0,215528
-0,1302274 -0,117186 0,2139899
-0,1302274 -0,117186 0,2139899
-0,1271981 -0,1004324 0,214928
-0,1233685 -0,08629809 0,2173703
-0,1179254 -0,07302693 0,2199816
-0,1082366 -0,06175214 0,2219045
-0,09882735 -0,05391228 0,2268374
-0,09882735 -0,05391228 0,2268374
-0,08904722 -0,04576477 0,2311771
-0,07790213 -0,04124665 0,2367384
-0,06670009 -0,03810771 0,2413984
-0,05437461 -0,03975198 0,245665
-0,04188148 -0,04214028 0,2498097
-0,04188148 -0,04214028 0,2498097
-0,03062844 -0,0498479 0,2527255
-0,01907383 -0,05907866 0,2558519
-0,007869878 -0,06978542 0,2581274
0,002517716 -0,08357525 0,2604818
0,01321681 -0,09813812 0,2588441
0,01321681 -0,09813812 0,2588441
0,02294035 -0,1119674 0,2589104
0,03380486 -0,125936 0,2594523
0,04686792 -0,1375546 0,2559307
0,0614892 -0,1489521 0,2530468
0,0614892 -0,1489521 0,2530468
0,07196233 -0,1546241 0,2510298
0,08286066 -0,1619894 0,2495516
0,09411804 -0,1657818 0,2488233
0,1033865 -0,1617314 0,2504758
0,1137254 -0,1559836 0,2489206
0,1137254 -0,1559836 0,2489206
0,122134 -0,1440482 0,247189
0,1253465 -0,1328568 0,24538
0,1292959 -0,1219465 0,244179
0,1299797 -0,1129698 0,2446657
0,130191 -0,1047187 0,2444724
0,130191 -0,1047187 0,2444724
0,1306541 -0,09758134 0,2442461
0,130493 -0,09204921 0,2437708
0,1302052 -0,08733559 0,2443369
0,1297817 -0,08556551 0,2443863
0,129931 -0,08383685 0,2449113
0,129931 -0,08383685 0,2449113
0,1293751 -0,08574194 0,2447337
0,1293343 -0,08660734 0,2447388
0,1304176 -0,08649874 0,2440229
0,1304266 -0,08799836 0,2440041
0,1297013 -0,09161139 0,2446504
0,1297013 -0,09161139 0,2446504
0,1293537 -0,0940392 0,2443496
0,1294421 -0,09599501 0,2439531
0,129381 -0,0977262 0,243786
0,129369 -0,09962124 0,2433864
0,129369 -0,09962124 0,2433864
0,1294352 -0,1010636 0,2432564
0,1300059 -0,1014046 0,2430472
0,1302097 -0,10194 0,2428946
0,1302491 -0,1025197 0,2427517
0,1305048 -0,1029224 0,2425043
0,1305048 -0,1029224 0,2425043
0,1305992 -0,1031571 0,2423229
0,1307584 -0,1034073 0,2421658
0,1308372 -0,1037136 0,2420138
0,1308122 -0,104172 0,2418215
0,1310949 -0,1043818 0,2416679
0,1310949 -0,1043818 0,2416679
0,1312404 -0,1048063 0,2413688
0,1314223 -0,1050894 0,2411639
0,1315946 -0,1053446 0,2409563
0,131654 -0,1059368 0,2408049
0,1321463 -0,1060094 0,240661
0,1321463 -0,1060094 0,240661
0,1320767 -0,1064899 0,2406262
0,1320698 -0,1069903 0,2406183
0,1320202 -0,1075219 0,2407137
