0,003585935 -0,1029198 0,2655817
0,001533129 -0,1066294 0,2639615
0,001533129 -0,1066294 0,2639615
0,001253175 -0,1116667 0,2638452
0,001899926 -0,1179124 0,2646252
0,006463747 -0,1263084 0,2683704
0,01436711 -0,134342 0,2738305
0,0303943 -0,1406612 0,283776
0,0303943 -0,1406612 0,283776
0,05621352 -0,138092 0,2975878
0,08509002 -0,1272921 0,3132846
0,1096541 -0,1090891 0,3306436
0,1274914 -0,07817802 0,3396546
0,138262 -0,04071522 0,340884
0,1332083 0,01043749 0,3242505
0,1332083 0,01043749 0,3242505
0,1015902 0,0302802 0,2892858
0,07251777 0,05148274 0,2653129
0,04145363 0,06896622 0,2389162
-0,003203852 0,06406941 0,2192498
-0,04017695 0,05732885 0,2015043
-0,04017695 0,05732885 0,2015043
-0,05661425 0,03599349 0,198878
-0,06187844 0,01468025 0,2059612
-0,0571458 -0,01481852 0,2263241
-0,03551599 -0,04879999 0,2590082
-0,001493321 -0,06159407 0,2906183
0,0344059 -0,07929978 0,3214145
0,0344059 -0,07929978 0,3214145
0,06543189 -0,08433199 0,3234483
0,08555674 -0,08534011 0,3215179
0,09342474 -0,08679196 0,318826
0,09621929 -0,08412653 0,311269
0,08551256 -0,08851978 0,3061361
0,08551256 -0,08851978 0,3061361
0,07462752 -0,09390897 0,3047384
0,06821579 -0,0951497 0,3027537
0,06361749 -0,09716049 0,301782
0,05991767 -0,09684622 0,3009329
0,05838113 -0,09815302 0,2997234
0,05838113 -0,09815302 0,2997234
0,05766586 -0,09719995 0,3002723
0,05796322 -0,09651706 0,3002384
0,05798925 -0,09663033 0,300273
0,05937481 -0,09659159 0,3001409
0,06078249 -0,09655488 0,3001035
0,06078249 -0,09655488 0,3001035
0,0614968 -0,09774938 0,2998163
0,06199137 -0,09847891 0,300018
0,06274493 -0,09916344 0,2999816
0,06377587 -0,09963405 0,2998227
0,06430407 -0,101536 0,2998445
0,06561224 -0,1024002 0,2995114
0,06561224 -0,1024002 0,2995114
0,0656453 -0,1033774 0,3000838
0,06639144 -0,1028751 0,3001772
0,06706072 -0,1030944 0,2997406
0,06725328 -0,1030731 0,3000646
0,0670128 -0,1045159 0,2997418
0,0670128 -0,1045159 0,2997418
0,06694639 -0,1045329 0,2998877
0,06709985 -0,1046712 0,2998184
0,06716046 -0,1049053 0,2997705
0,06732385 -0,1048264 0,2996744
0,06738576 -0,1048134 0,2995858
0,06742509 -0,1048626 0,2995701
0,06742509 -0,1048626 0,2995701
0,06787128 -0,1050223 0,299172
0,06828071 -0,1046172 0,2992505
0,06879053 -0,104523 0,2992561
0,06916951 -0,1043606 0,299244
0,06940512 -0,1045695 0,2992626
0,06940512 -0,1045695 0,2992626
0,0695939 -0,104204 0,29943
0,06959035 -0,1039113 0,2994445
