0,02659109 -0,1629495 0,244975
0,02643976 -0,164853 0,2453804
0,02662726 -0,1669011 0,2458172
0,02746321 -0,1697905 0,2469576
0,02898596 -0,1726272 0,2480944
0,02898596 -0,1726272 0,2480944
0,03621104 -0,1701984 0,2522613
0,04459648 -0,1622313 0,2558122
0,05404222 -0,1522412 0,2594387
0,06518158 -0,1373429 0,2636983
0,06518158 -0,1373429 0,2636983
0,07644128 -0,1073273 0,2648745
0,08601287 -0,08005193 0,2655739
0,09358449 -0,05135688 0,2644062
0,09673572 -0,0182015 0,2552235
0,09540537 0,01130657 0,2439478
0,09540537 0,01130657 0,2439478
0,08832081 0,03548715 0,2306914
0,08091004 0,06381515 0,2158929
0,0685168 0,07926062 0,1994404
0,05436683 0,09280735 0,1817286
0,03609623 0,1023127 0,1651204
0,03609623 0,1023127 0,1651204
0,01771054 0,1047494 0,1507986
-0,0006977345 0,1063308 0,1350927
-0,01881276 0,09941439 0,1233464
-0,03621131 0,09039038 0,1106586
-0,05071488 0,07253395 0,1062072
-0,05071488 0,07253395 0,1062072
-0,05900594 0,05473435 0,1020336
-0,06721921 0,03452519 0,1007828
-0,06598962 0,01266947 0,1092904
-0,06306368 -0,006233409 0,1261154
-0,04646773 -0,01600131 0,1510914
-0,04646773 -0,01600131 0,1510914
-0,005410833 -0,03439499 0,2169605
0,0310696 -0,05421212 0,260481
0,06689143 -0,08047658 0,2962542
0,09891083 -0,104315 0,3239769
0,1096685 -0,09974632 0,3112868
0,1096685 -0,09974632 0,3112868
0,1002274 -0,09684229 0,2962511
0,09773052 -0,09936479 0,2922209
0,09509361 -0,1028545 0,2891763
0,09300588 -0,1059039 0,2889449
0,09300588 -0,1059039 0,2889449
0,09284154 -0,106903 0,2900082
0,09324492 -0,1075466 0,2909623
0,09499625 -0,1069545 0,2924789
0,09632055 -0,1073836 0,2934708
0,09620617 -0,1086193 0,2939057
0,09620617 -0,1086193 0,2939057
0,09591426 -0,1089179 0,2946822
0,09569099 -0,1095746 0,2955
0,09563567 -0,1102144 0,2961609
0,09558202 -0,110681 0,2969617
0,09571309 -0,1111662 0,296899
0,09571309 -0,1111662 0,296899
0,09619649 -0,1112447 0,297051
0,09653166 -0,111847 0,2972953
0,09709001 -0,1122818 0,2974258
0,09751362 -0,1128413 0,2973577
0,09787741 -0,1133718 0,297199
0,09787741 -0,1133718 0,297199
0,09780801 -0,1135431 0,2972929
0,09783979 -0,1139963 0,2973033
0,09787601 -0,1142418 0,2973217
0,09794568 -0,114322 0,2972253
0,09790383 -0,114587 0,2971942
0,09790383 -0,114587 0,2971942
0,09790624 -0,1146528 0,2970015
0,09779511 -0,1148998 0,2968294
0,0978159 -0,1150822 0,2966739
0,09792042 -0,1152681 0,2965999
0,09801331 -0,1154682 0,2965052
0,09801331 -0,1154682 0,2965052
0,09799796 -0,1164475 0,2967247
0,09808792 -0,1168093 0,2968751
0,0980377 -0,1174618 0,297144
0,09785488 -0,1183322 0,297355
0,09773433 -0,1187707 0,2977182
0,09773433 -0,1187707 0,2977182
0,09732905 -0,1190067 0,2979508
