0,1971482 -0,1001701 0,1959904
0,1953126 -0,09604268 0,1978511
0,1953126 -0,09604268 0,1978511
0,1928954 -0,09059733 0,2002252
0,1886379 -0,08414114 0,2038227
0,1838173 -0,07792097 0,2073338
0,1776697 -0,07136714 0,2103127
0,1709365 -0,06586996 0,2125319
0,1709365 -0,06586996 0,2125319
0,1611075 -0,06335799 0,2157246
0,151393 -0,0605032 0,2182645
0,1418319 -0,05820119 0,2197282
0,1320363 -0,0569514 0,2203385
0,1196607 -0,05949521 0,2205098
0,1196607 -0,05949521 0,2205098
0,105514 -0,06594461 0,2207334
0,0903949 -0,0734354 0,2211293
0,07370001 -0,08642885 0,2213811
0,0566239 -0,09787473 0,219905
0,03932564 -0,1085374 0,2170496
0,03932564 -0,1085374 0,2170496
0,02318671 -0,1214686 0,2103758
0,005309465 -0,1341305 0,2042312
-0,01287022 -0,1468207 0,200483
-0,03031294 -0,1560906 0,1981496
-0,03031294 -0,1560906 0,1981496
-0,04610433 -0,158911 0,1923606
-0,06264542 -0,1610859 0,186069
-0,07326505 -0,1587377 0,1754671
-0,08530521 -0,1512331 0,1656083
-0,09645405 -0,1397198 0,1579636
-0,09645405 -0,1397198 0,1579636
-0,1090313 -0,1248163 0,1655256
-0,1151368 -0,1092777 0,1676981
-0,1180344 -0,09279123 0,1676476
-0,1169425 -0,07576172 0,165445
-0,1030253 -0,05916151 0,1720502
-0,1030253 -0,05916151 0,1720502
-0,1005342 -0,05529635 0,1704948
-0,09094811 -0,04817793 0,1742326
-0,08135347 -0,04278642 0,1781825
-0,07085102 -0,04065916 0,1819516
-0,05867754 -0,04272641 0,1864056
-0,05867754 -0,04272641 0,1864056
-0,04602338 -0,04946275 0,1910302
-0,03239684 -0,05875908 0,1958895
-0,01829794 -0,07261057 0,1995828
-0,003988903 -0,08744232 0,2046386
0,008347365 -0,1014526 0,2094223
0,008347365 -0,1014526 0,2094223
0,02481529 -0,1165681 0,2081122
0,03961598 -0,1293368 0,2097462
0,05655542 -0,1437871 0,2102482
0,07441396 -0,1525272 0,2056937
0,09172636 -0,1668615 0,2040486
0,09172636 -0,1668615 0,2040486
0,1077675 -0,1709197 0,201432
0,1232809 -0,1734186 0,1976735
0,1401648 -0,1717544 0,1962164
0,1565385 -0,1684831 0,1954292
0,1744789 -0,1554238 0,1934998
0,1744789 -0,1554238 0,1934998
0,1858618 -0,1444368 0,1939891
0,2009957 -0,1299508 0,1932698
0,210908 -0,116098 0,1926014
0,2189345 -0,1036672 0,1910914
0,2189345 -0,1036672 0,1910914
0,2209279 -0,09486923 0,1909146
0,2234104 -0,08604692 0,1903807
0,2227836 -0,08128752 0,1903546
0,2224341 -0,07687509 0,1891222
0,2213371 -0,07502005 0,1881977
0,2213371 -0,07502005 0,1881977
0,2200318 -0,07448786 0,1875144
0,218385 -0,07447462 0,1870464
0,2167278 -0,07519335 0,1865749
0,2155828 -0,07616366 0,1860741
0,2147123 -0,07700098 0,1855619
0,2147123 -0,07700098 0,1855619
0,2134202 -0,07887664 0,1853992
0,2129034 -0,07981873 0,1851581
0,2122132 -0,08078694 0,1848441
0,2115559 -0,08162984 0,1844214
0,2110101 -0,08218825 0,184254
0,2110101 -0,08218825 0,184254
0,2100636 -0,08294091 0,1842625
0,2092414 -0,08369622 0,1843872
0,208477 -0,08425516 0,1843289
0,2078171 -0,08470774 0,1841723
0,207049 -0,0852689 0,1843092
0,207049 -0,0852689 0,1843092
0,2066291 -0,08544677 0,1843854
0,2061291 -0,08570084 0,1846254
0,2056878 -0,0859662 0,1847769
0,2058195 -0,08560376 0,1847457
0,2058195 -0,08560376 0,1847457
0,2057764 -0,0857656 0,1847427
0,2058277 -0,08578691 0,1846769
0,2057709 -0,08588096 0,1847294
0,20572 -0,08600806 0,1849165
0,2060465 -0,08578944 0,1849372
0,2060465 -0,08578944 0,1849372
0,2065189 -0,08582622 0,1850511
0,2069914 -0,08593479 0,1850522
0,2074949 -0,08589931 0,1850661
0,2081665 -0,0858812 0,1849934
0,2086927 -0,08595532 0,1849149
0,2086927 -0,08595532 0,1849149
0,2088068 -0,08624683 0,1849952
0,2090594 -0,08649534 0,184947
0,2088751 -0,08683512 0,1849428
0,208709 -0,08716229 0,184898
0,2079998 -0,08778547 0,1850593
