0,04560992 -0,1323806 0,1952215
0,04522454 -0,1327518 0,1950118
0,04522454 -0,1327518 0,1950118
0,04468698 -0,133984 0,1951652
0,04399386 -0,1354042 0,1954343
0,04283204 -0,1390456 0,1968059
0,04068832 -0,1442587 0,1991202
0,03823198 -0,1502615 0,20136
0,03823198 -0,1502615 0,20136
0,03408836 -0,1614028 0,206077
0,03057682 -0,1720971 0,2104507
0,02620426 -0,1828446 0,2175097
0,02119922 -0,1906778 0,2262324
0,01673356 -0,1960308 0,2376295
0,01673356 -0,1960308 0,2376295
0,01402183 -0,1870897 0,2433986
0,01220911 -0,1670024 0,2490543
0,009621181 -0,1377623 0,2568268
0,007995538 -0,1031776 0,2638898
0,007995538 -0,1031776 0,2638898
0,009725679 -0,06255278 0,2658584
0,01187385 -0,02224359 0,2625831
0,01297261 0,01171486 0,2604721
0,01714253 0,04604384 0,2508323
0,01996453 0,0789232 0,2429487
0,01996453 0,0789232 0,2429487
0,02024646 0,0948724 0,2416781
0,02100244 0,1180077 0,2368429
0,02249907 0,1347187 0,2332987
0,02305719 0,1546953 0,2298609
0,02417861 0,1609704 0,2276587
0,02417861 0,1609704 0,2276587
0,02442615 0,1648893 0,2264903
0,02504781 0,1715336 0,2248383
0,02489932 0,1773061 0,222944
0,0248689 0,1816547 0,2217788
0,02394118 0,1821952 0,2209263
0,02394118 0,1821952 0,2209263
0,0234625 0,1839076 0,2205514
0,02277694 0,1851478 0,2202688
0,02211796 0,1861227 0,2194422
0,02136783 0,1829855 0,2198469
0,02030413 0,1797101 0,2209176
0,02030413 0,1797101 0,2209176
0,02095406 0,1770211 0,2206964
0,02038547 0,1766965 0,2213909
0,02000254 0,1788426 0,221421
0,01873796 0,1807742 0,2222682
0,01873796 0,1807742 0,2222682
0,0184003 0,1809746 0,222258
0,01813817 0,1813099 0,222184
0,01764515 0,179783 0,2225563
0,01738948 0,1777976 0,2229113
0,01745216 0,1759423 0,2229913
0,01745216 0,1759423 0,2229913
0,01739354 0,1740994 0,2232151
0,01735753 0,1748375 0,2230995
0,01779691 0,1753972 0,222926
0,01775225 0,17547 0,2229906
0,01803339 0,175588 0,2228686
0,01803339 0,175588 0,2228686
0,01794291 0,1757691 0,2233734
0,01788108 0,1746874 0,2238225
0,0179978 0,1739553 0,2243392
0,01879645 0,173705 0,2245739
0,01937903 0,1726901 0,2251748
0,01937903 0,1726901 0,2251748
0,01984159 0,1716385 0,225647
0,02037509 0,1705594 0,2261607
0,02106824 0,1720792 0,2257229
0,02214145 0,1700573 0,2262964
0,02262516 0,1689271 0,2261606
0,02262516 0,1689271 0,2261606
0,02300828 0,1682197 0,2258912
0,02349368 0,1675452 0,2261271
0,02436971 0,1664367 0,2262595
