0,1248523 -0,1186672 0,2504529
0,1238378 -0,1108566 0,2515165
0,122417 -0,1033008 0,2522586
0,120428 -0,0935708 0,2533183
0,120428 -0,0935708 0,2533183
0,1158332 -0,08612189 0,2541407
0,1102724 -0,07984275 0,2552069
0,1046937 -0,07341808 0,2566279
0,09819516 -0,06843838 0,2577574
0,09167378 -0,06248185 0,2590648
0,09167378 -0,06248185 0,2590648
0,0829623 -0,06017652 0,2599794
0,07393396 -0,0590446 0,2609053
0,06361911 -0,06186965 0,2607022
0,053321 -0,06553149 0,2603011
0,053321 -0,06553149 0,2603011
0,04171913 -0,07342377 0,2595989
0,02943026 -0,0817388 0,2585869
0,01662209 -0,09213334 0,2573003
0,004949299 -0,102663 0,2549438
-0,01012428 -0,1142972 0,2514287
-0,01012428 -0,1142972 0,2514287
-0,02139939 -0,1263357 0,2432086
-0,03585782 -0,1365869 0,236058
-0,0485472 -0,149531 0,2330159
-0,06114788 -0,1614387 0,230003
-0,07239226 -0,1662788 0,2232145
-0,07239226 -0,1662788 0,2232145
-0,08441598 -0,1660223 0,2181408
-0,09603777 -0,1656538 0,2140859
-0,1051705 -0,1610636 0,2045703
-0,114174 -0,1502252 0,2002819
-0,1239719 -0,138464 0,1973064
-0,1239719 -0,138464 0,1973064
-0,1285733 -0,12509 0,2012815
-0,1305416 -0,1109792 0,2027917
-0,1311383 -0,09520768 0,2036348
-0,1252927 -0,08134526 0,2053599
-0,1192072 -0,06897932 0,208989
-0,1192072 -0,06897932 0,208989
-0,11123 -0,05754626 0,2127796
-0,1022904 -0,04744923 0,2165227
-0,09187126 -0,04191709 0,2222831
-0,08095916 -0,03750527 0,2293772
-0,08095916 -0,03750527 0,2293772
-0,06835794 -0,03978862 0,2345217
-0,05567893 -0,04327594 0,2397475
-0,04349427 -0,04902972 0,2450823
-0,03067404 -0,05864534 0,2500295
-0,0182553 -0,07466844 0,2548554
-0,005460083 -0,08928499 0,25935
-0,005460083 -0,08928499 0,25935
0,008295025 -0,1033635 0,2585718
0,02133721 -0,1199194 0,2606061
0,03485565 -0,1361521 0,2637461
0,05002589 -0,1459925 0,2626836
0,05002589 -0,1459925 0,2626836
0,06540131 -0,1558581 0,2562982
0,07876515 -0,1650644 0,2550136
0,09205763 -0,1724967 0,2518543
0,1027342 -0,174299 0,2509533
0,113839 -0,1738135 0,2515208
0,113839 -0,1738135 0,2515208
0,1254568 -0,1632528 0,2511879
0,1349996 -0,1533432 0,2481993
0,1430105 -0,1422483 0,2455576
0,1482876 -0,1311879 0,2432389
0,1482203 -0,1204977 0,2447091
0,1482203 -0,1204977 0,2447091
0,1458139 -0,1129563 0,2449508
0,1445301 -0,1047199 0,2447167
0,1432674 -0,09714372 0,245778
0,141538 -0,09066236 0,2466045
0,140937 -0,08449294 0,2445117
0,140937 -0,08449294 0,2445117
0,1396585 -0,08182082 0,24651
0,1379257 -0,08049065 0,2469769
0,1365479 -0,07993259 0,2472249
0,1356051 -0,08065474 0,2468088
0,1347706 -0,08119869 0,2465189
0,1347706 -0,08119869 0,2465189
0,1343396 -0,08245912 0,2464093
0,1336241 -0,08405805 0,2460696
0,1334667 -0,08485742 0,2459978
0,1328048 -0,08656523 0,2460464
0,1328048 -0,08656523 0,2460464
0,1318971 -0,08878727 0,2460325
0,1313074 -0,09021813 0,2459057
0,1308025 -0,09152675 0,2458391
0,1302489 -0,09258214 0,24586
0,1295623 -0,09347853 0,2460223
0,1295623 -0,09347853 0,2460223
0,1291768 -0,09400675 0,2460318
0,1286581 -0,09462199 0,2460885
0,1280089 -0,09516963 0,24621
0,1274961 -0,09551421 0,2463492
0,1270324 -0,09579296 0,2465316
0,1270324 -0,09579296 0,2465316
0,1267247 -0,09589151 0,2468349
0,1263561 -0,09598801 0,2471614
0,1260019 -0,09593657 0,2471973
0,1257251 -0,09596226 0,2472648
0,1251852 -0,09618916 0,2471846
0,1251852 -0,09618916 0,2471846
