-0,005032145 -0,1416878 0,2560483
-0,006047996 -0,1403352 0,2551459
-0,007079598 -0,1398134 0,2550213
-0,00824945 -0,1397742 0,2550449
-0,009352207 -0,1400861 0,2549336
-0,0103405 -0,1403109 0,2541126
-0,0103405 -0,1403109 0,2541126
-0,01087984 -0,1408096 0,2527775
-0,0110957 -0,1424676 0,2524974
-0,01052389 -0,1450874 0,252172
-0,0082187 -0,1490513 0,25269
-0,004582047 -0,1534562 0,2539243
-0,004582047 -0,1534562 0,2539243
0,008768077 -0,155875 0,2578109
0,02603123 -0,1538143 0,2628738
0,04608475 -0,1485975 0,267888
0,06842307 -0,1390628 0,2714476
0,08970714 -0,1288311 0,2759909
0,08970714 -0,1288311 0,2759909
0,1108564 -0,1022923 0,2754104
0,1238785 -0,07813019 0,2724092
0,1332009 -0,05382723 0,2664208
0,1327322 -0,02676812 0,2575827
0,1234137 -0,004260883 0,2455317
0,1234137 -0,004260883 0,2455317
0,1072339 0,01157519 0,2363182
0,09042686 0,02824695 0,2246385
0,06818964 0,04119904 0,2110755
0,04646957 0,05364846 0,1977334
0,02076234 0,05658874 0,183536
0,02076234 0,05658874 0,183536
-0,002804537 0,0549809 0,169011
-0,0264708 0,04782787 0,1568527
-0,04560195 0,03763261 0,1459135
-0,06316653 0,02410555 0,1351911
-0,06316653 0,02410555 0,1351911
-0,0737118 0,005686089 0,137794
-0,07843838 -0,0128388 0,140802
-0,07689954 -0,03229345 0,1531092
-0,05997507 -0,05250339 0,1789071
-0,0438855 -0,06692459 0,2126851
-0,0438855 -0,06692459 0,2126851
-0,01263053 -0,08336455 0,2665197
0,0272836 -0,1191331 0,3100985
0,05602033 -0,14068 0,325298
0,07038424 -0,1358721 0,3242583
0,08132877 -0,1310518 0,3221177
0,08132877 -0,1310518 0,3221177
0,07530936 -0,1311146 0,3110432
0,07304627 -0,1318256 0,3075825
0,07096104 -0,1317561 0,3058114
0,06854314 -0,1324763 0,3059012
0,06775328 -0,1315362 0,3040679
0,06775328 -0,1315362 0,3040679
0,06735739 -0,1310628 0,3056704
0,0673714 -0,1307844 0,3058519
0,06715606 -0,1311696 0,3060654
0,06740962 -0,1322456 0,3069722
0,06794021 -0,1325973 0,3073289
0,06794021 -0,1325973 0,3073289
0,06817926 -0,1336103 0,3070109
0,06841432 -0,1342555 0,3069896
0,06818737 -0,1354523 0,3067385
0,06823834 -0,1361593 0,3066198
0,06853127 -0,1362441 0,3063162
0,06853127 -0,1362441 0,3063162
0,06984127 -0,1356644 0,3055702
0,07092295 -0,1355214 0,3049503
0,07193282 -0,1351565 0,3048774
0,07249787 -0,1353679 0,3049379
0,07249787 -0,1353679 0,3049379
0,07265981 -0,135158 0,3050129
0,07269431 -0,1352923 0,3049279
0,0726695 -0,1354984 0,304808
0,07255053 -0,1356102 0,3044169
0,07240621 -0,135729 0,3040816
0,07240621 -0,135729 0,3040816
0,07218626 -0,1359311 0,303692
0,07197175 -0,1360629 0,3035283
0,07172186 -0,1362785 0,3033686
0,07164209 -0,1367159 0,3032373
0,07150826 -0,1373118 0,3031238
0,07150826 -0,1373118 0,3031238
0,07174738 -0,1377248 0,3030251
0,07168145 -0,138257 0,3028554
0,07168905 -0,138586 0,302599
0,07156524 -0,138859 0,3023255
0,07147759 -0,1391599 0,3020256
0,07147759 -0,1391599 0,3020256
0,07163481 -0,1393639 0,3017738
0,07176067 -0,1398291 0,3015638
0,07184407 -0,1403818 0,3013757
0,07189877 -0,1409929 0,3012695
0,07191845 -0,1412153 0,3011577
0,07191845 -0,1412153 0,3011577
0,07191497 -0,1413947 0,3008843
0,07204247 -0,1413051 0,3006559
0,0721756 -0,1412143 0,3004946
0,07234389 -0,1410015 0,3003661
