0,06369881 -0,1414183 0,2803462
0,06364337 -0,1414527 0,2802017
0,06364337 -0,1414527 0,2802017
0,0636595 -0,1415582 0,280005
0,06361087 -0,1418568 0,2797675
0,06380863 -0,1422571 0,2794538
0,06406115 -0,1428807 0,2792189
0,06441838 -0,1438216 0,2792726
0,06441838 -0,1438216 0,2792726
0,06541422 -0,1464646 0,2796716
0,06708542 -0,1479934 0,2800404
0,0703073 -0,1486435 0,2807582
0,07471175 -0,1478598 0,2822315
0,08035359 -0,1466329 0,2845372
0,08035359 -0,1466329 0,2845372
0,09145398 -0,1375337 0,2852194
0,103161 -0,1238345 0,2850319
0,1150869 -0,1080844 0,2861999
0,1235613 -0,08353755 0,2882257
0,1291142 -0,05801398 0,2884176
0,1291142 -0,05801398 0,2884176
0,1270052 -0,02804005 0,2810097
0,1210663 0,0003167987 0,2700276
0,1118033 0,02347796 0,2588646
0,09596712 0,04157376 0,2473859
0,07931571 0,05649553 0,2346383
0,07931571 0,05649553 0,2346383
0,05801035 0,0648765 0,219231
0,03457397 0,07119566 0,1997372
0,01394366 0,07437639 0,1841847
-0,006982272 0,07062574 0,1676136
-0,006982272 0,07062574 0,1676136
-0,0253529 0,05986656 0,1565984
-0,04221362 0,04742015 0,1465404
-0,05509154 0,03037926 0,1411308
-0,05927595 0,01051129 0,1417405
-0,0570191 -0,006818086 0,14947
-0,0570191 -0,006818086 0,14947
-0,04637334 -0,0262906 0,1694204
-0,02875163 -0,04202181 0,2048717
-0,007038055 -0,06103006 0,2472462
0,03341315 -0,07946002 0,2846802
0,06225343 -0,1038855 0,3173995
0,06225343 -0,1038855 0,3173995
0,07985696 -0,1060312 0,3140835
0,08687413 -0,1045433 0,3105552
0,08883655 -0,1032946 0,3066753
0,08547516 -0,1038621 0,302682
0,08353525 -0,1064066 0,2998889
0,08353525 -0,1064066 0,2998889
0,08243788 -0,1091927 0,3007507
0,08198713 -0,1118957 0,3016132
0,08229325 -0,1132377 0,3023931
0,08369146 -0,1120011 0,3029761
0,0847542 -0,1118236 0,303195
0,0847542 -0,1118236 0,303195
0,08435168 -0,1135909 0,3040884
0,08427412 -0,1145753 0,3047213
0,08431032 -0,1156943 0,3050634
0,08401196 -0,1175585 0,3054311
0,08431611 -0,1179318 0,3049091
0,08431611 -0,1179318 0,3049091
0,08485065 -0,1177532 0,3049017
0,08538911 -0,1176967 0,3049675
0,08564866 -0,1181268 0,30559
0,08603745 -0,1183666 0,3061233
0,08603745 -0,1183666 0,3061233
0,08668931 -0,1186434 0,3061879
0,08739599 -0,1184035 0,3063846
0,08816083 -0,1184292 0,3063503
0,08850244 -0,1188837 0,3063118
0,08891337 -0,1192327 0,3063593
0,08891337 -0,1192327 0,3063593
0,08935726 -0,1191744 0,3063972
0,08979192 -0,1188899 0,306453
0,09016275 -0,1186206 0,3064814
0,09050149 -0,1184301 0,3064947
0,0909167 -0,1182265 0,3064503
0,0909167 -0,1182265 0,3064503
0,09106142 -0,1187045 0,306619
0,09115653 -0,1192642 0,3066147
0,09123317 -0,119988 0,306662
0,09148818 -0,1203939 0,3065591
0,09192179 -0,120465 0,3065556
0,09192179 -0,120465 0,3065556
0,09212622 -0,1205395 0,306627
0,09234281 -0,1205899 0,3066369
0,09252319 -0,1207384 0,3067186
0,09282622 -0,1207359 0,3065857
0,09282143 -0,1212568 0,3065084
0,09282143 -0,1212568 0,3065084
