0,04039302 -0,1483224 0,2105181
0,04231811 -0,1362718 0,2071347
0,04316261 -0,1293534 0,2045626
0,04367195 -0,1205211 0,2010337
0,04367195 -0,1205211 0,2010337
0,04369776 -0,1139929 0,1969007
0,04362912 -0,1082569 0,1945396
0,04386214 -0,1030638 0,1903904
0,04408703 -0,09876519 0,1875969
0,04352561 -0,0961038 0,184921
0,04352561 -0,0961038 0,184921
0,04319584 -0,09679745 0,1829009
0,04237081 -0,09787813 0,1813817
0,04130399 -0,100772 0,1808491
0,04009303 -0,1062264 0,1818325
0,03858443 -0,1124189 0,1836357
0,03858443 -0,1124189 0,1836357
0,03619468 -0,12187 0,1892344
0,03374666 -0,1327496 0,1949822
0,03091457 -0,143516 0,2010756
0,02781682 -0,1549527 0,206924
0,0240084 -0,1658882 0,2145415
0,0240084 -0,1658882 0,2145415
0,01862662 -0,1745715 0,2271167
0,01472989 -0,1779494 0,2340023
0,01089763 -0,1771813 0,2436195
0,009055976 -0,1639957 0,2516572
0,00685495 -0,1469203 0,2593463
0,00685495 -0,1469203 0,2593463
0,006355518 -0,1122239 0,2629138
0,007121718 -0,07932666 0,2656269
0,007928405 -0,04297611 0,2670478
0,01068318 -0,008535296 0,2624275
0,01068318 -0,008535296 0,2624275
0,01389888 0,02267092 0,2573961
0,01671071 0,05293444 0,252038
0,01880863 0,08117758 0,2460324
0,01999528 0,1057338 0,2423345
0,02240603 0,1259345 0,2339891
0,02240603 0,1259345 0,2339891
0,02351088 0,1448419 0,2302906
0,02483175 0,1600461 0,2264156
0,02632028 0,1685501 0,2227746
0,02768523 0,1776908 0,2175954
0,02762845 0,183654 0,2155868
0,02762845 0,183654 0,2155868
0,02640415 0,1879212 0,2163477
0,02551281 0,1903742 0,2156021
0,02503305 0,1926973 0,2145447
0,02447562 0,19407 0,2146002
0,02365513 0,1961702 0,2142555
0,02365513 0,1961702 0,2142555
0,02271514 0,196211 0,2149961
0,02200793 0,1938142 0,2162178
0,02167633 0,1934002 0,2168718
0,02144098 0,1911256 0,2177977
0,02137324 0,1890014 0,218675
0,02137324 0,1890014 0,218675
0,02132867 0,1899723 0,219258
0,02085486 0,1925144 0,2202032
0,02045691 0,1945813 0,2206796
0,01990034 0,1959025 0,2212837
0,01922965 0,1980646 0,2221363
0,01922965 0,1980646 0,2221363
0,01938106 0,1949416 0,2226849
0,01897944 0,1912237 0,2232998
0,01902931 0,1879713 0,2240135
0,01863329 0,1866213 0,2240257
0,01863329 0,1866213 0,2240257
0,01851586 0,1870741 0,2241396
0,01862566 0,1871409 0,2239938
0,01859762 0,1873251 0,2239343
0,01858227 0,187613 0,2242931
0,01887018 0,18662 0,2244249
0,01887018 0,18662 0,2244249
0,01938574 0,1870407 0,2247421
0,01947375 0,1874159 0,2248716
0,01989483 0,188262 0,2249587
0,02018808 0,1905754 0,2250622
0,02015323 0,1908651 0,2250791
0,02015323 0,1908651 0,2250791
0,02053659 0,1920374 0,2250752
0,02071195 0,1930056 0,2253412
0,0209336 0,1940374 0,2254417
0,02100229 0,1930488 0,2257916
0,02084987 0,1927169 0,2257772
