0,1132422 -0,162166 0,2591419
0,1134161 -0,1604034 0,2593501
0,1134161 -0,1604034 0,2593501
0,1127809 -0,1554979 0,2590615
0,1118353 -0,1489453 0,2587819
0,1106777 -0,1408305 0,2585731
0,1075253 -0,1318287 0,2585229
0,1051018 -0,1218441 0,259096
0,1051018 -0,1218441 0,259096
0,1006521 -0,1126935 0,2587288
0,09613162 -0,1031684 0,2591768
0,09056815 -0,09472623 0,2601475
0,08242534 -0,08931795 0,2611819
0,07551461 -0,08438677 0,2633591
0,07551461 -0,08438677 0,2633591
0,06488571 -0,08365446 0,2650151
0,05485032 -0,08474451 0,2655399
0,04291613 -0,08846569 0,265788
0,03096801 -0,09337407 0,2653014
0,01808083 -0,100374 0,2657011
0,01808083 -0,100374 0,2657011
0,003695896 -0,1113377 0,2637294
-0,00941119 -0,1239737 0,2587582
-0,0234768 -0,1345664 0,2532941
-0,03927616 -0,1489429 0,2489859
-0,05312799 -0,1639343 0,2456432
-0,05312799 -0,1639343 0,2456432
-0,06553801 -0,1727649 0,2392182
-0,07813586 -0,1846275 0,2330152
-0,09336402 -0,1888864 0,2266283
-0,1064276 -0,1964798 0,2219259
-0,1064276 -0,1964798 0,2219259
-0,1147372 -0,1885216 0,2119628
-0,1268612 -0,1797018 0,2073354
-0,1370545 -0,1707559 0,206661
-0,1448937 -0,1547773 0,2012647
-0,1467554 -0,1399494 0,2047602
-0,1467554 -0,1399494 0,2047602
-0,1462845 -0,1226592 0,2050515
-0,1442399 -0,1058405 0,2061441
-0,1371883 -0,09279945 0,2098464
-0,1303918 -0,07817307 0,2125719
-0,1216251 -0,06693335 0,2168708
-0,1216251 -0,06693335 0,2168708
-0,1091321 -0,06138539 0,2210743
-0,0969821 -0,05544659 0,2255219
-0,08446373 -0,0529447 0,2298418
-0,07115337 -0,05526006 0,2355784
-0,05806051 -0,05731472 0,2405365
-0,05806051 -0,05731472 0,2405365
-0,04321843 -0,06974265 0,2434512
-0,02907284 -0,0814164 0,245728
-0,01493314 -0,09547985 0,2480473
0,0001129401 -0,1107639 0,2488312
0,01385814 -0,1237751 0,2513053
0,01385814 -0,1237751 0,2513053
0,02789988 -0,1366012 0,2531527
0,04382984 -0,1467044 0,2526493
0,06081234 -0,15216 0,2471285
0,07567629 -0,160275 0,2469605
0,08769593 -0,1619802 0,2461442
0,08769593 -0,1619802 0,2461442
0,09915229 -0,1555401 0,2474416
0,1100697 -0,1492175 0,2479619
0,1187535 -0,1404871 0,2477438
0,1249445 -0,1283222 0,2447171
0,1249445 -0,1283222 0,2447171
0,1278089 -0,1190117 0,2448176
0,1306909 -0,110065 0,2450252
0,1318297 -0,103074 0,2448317
0,1332826 -0,09607372 0,2449614
0,1339156 -0,09063759 0,2441083
0,1339156 -0,09063759 0,2441083
0,1338123 -0,08754849 0,2444051
0,133325 -0,08635825 0,2445009
0,1328387 -0,08660486 0,2447403
0,1319517 -0,08818705 0,2445964
0,1312193 -0,08937402 0,2445078
0,1312193 -0,08937402 0,2445078
0,1307543 -0,09109569 0,2444216
0,1301687 -0,09311247 0,2444575
0,1296018 -0,0952349 0,2444112
0,1292901 -0,09695885 0,2443902
0,1284214 -0,09941429 0,2447997
0,1284214 -0,09941429 0,2447997
0,1281261 -0,1011757 0,2445773
0,1277694 -0,1029964 0,2446824
0,1268307 -0,1053355 0,2451773
0,1262383 -0,1069207 0,2455878
0,1261164 -0,107112 0,2456539
0,1261164 -0,107112 0,2456539
0,1262086 -0,1069693 0,2456906
0,1262475 -0,1067969 0,2459037
0,125922 -0,1070697 0,2461746
0,1255992 -0,1071983 0,2465243
0,1250748 -0,1074851 0,2470606
0,1250748 -0,1074851 0,2470606
0,1244196 -0,107823 0,2475801
0,1238156 -0,1080799 0,2478869
0,1233313 -0,1081423 0,2481576
0,1228141 -0,1081812 0,248248
0,1222321 -0,1081042 0,2482578
0,1222321 -0,1081042 0,2482578
0,1216839 -0,1078854 0,2481018
0,1208972 -0,1081301 0,248067
