0,05970012 -0,1382524 0,257079
0,05970012 -0,1382524 0,257079
0,05993508 -0,1396023 0,2574628
0,06030154 -0,1407424 0,2578711
0,06127244 -0,1417692 0,2582084
0,06219674 -0,1432504 0,2586616
0,06219674 -0,1432504 0,2586616
0,06531979 -0,1431651 0,2597539
0,07014576 -0,1413803 0,2607181
0,07606068 -0,1372962 0,262491
0,08291151 -0,1312257 0,2644258
0,09181365 -0,1179466 0,2691408
0,09181365 -0,1179466 0,2691408
0,1008419 -0,09771109 0,2719302
0,1090421 -0,07536578 0,2737093
0,1129442 -0,05204186 0,2744423
0,1158836 -0,02643052 0,2749709
0,1160694 0,001675338 0,2681924
0,1160694 0,001675338 0,2681924
0,1101935 0,02748173 0,2630693
0,100572 0,04977648 0,2501079
0,0893093 0,06859371 0,2407897
0,0757796 0,08756343 0,22906
0,0585514 0,09914278 0,2163227
0,0585514 0,09914278 0,2163227
0,03752838 0,1006657 0,2060263
0,01694864 0,1025385 0,1956361
-0,004355808 0,09461445 0,1858232
-0,02422664 0,08520289 0,1781821
-0,02422664 0,08520289 0,1781821
-0,04235101 0,06851353 0,171273
-0,05587804 0,04673299 0,1670093
-0,06733551 0,02807641 0,1618967
-0,0715217 0,009739295 0,160178
-0,07163128 -0,00843814 0,1602571
-0,07163128 -0,00843814 0,1602571
-0,05647999 -0,02538213 0,1771084
-0,03904504 -0,03930813 0,2042865
-0,01392553 -0,05147235 0,2386797
0,01876268 -0,06706661 0,2740907
0,0487842 -0,08198905 0,3029393
0,0487842 -0,08198905 0,3029393
0,06213655 -0,08134684 0,2979318
0,06943299 -0,08082089 0,2949296
0,06743908 -0,0784376 0,2898236
0,06479908 -0,08131808 0,2854809
0,06172549 -0,08669546 0,2842456
0,06172549 -0,08669546 0,2842456
0,06128666 -0,08830771 0,2860921
0,06052107 -0,09160185 0,286998
0,06150915 -0,09252575 0,2881577
0,06251159 -0,09176186 0,2887255
0,06271893 -0,09381807 0,2890365
0,06271893 -0,09381807 0,2890365
0,06317534 -0,09475273 0,2896304
0,0636398 -0,09604061 0,2901372
0,06346175 -0,09887627 0,290506
0,06333288 -0,1006569 0,2904545
0,06340513 -0,1029302 0,2906665
0,06340513 -0,1029302 0,2906665
0,06440104 -0,1020356 0,290812
0,06512786 -0,102293 0,2909334
0,06552877 -0,1041892 0,2911509
0,06627978 -0,1056139 0,2914295
0,06627978 -0,1056139 0,2914295
0,06714777 -0,1057596 0,2918392
0,06795469 -0,1064299 0,2921538
0,06831581 -0,1076195 0,2923937
0,06928385 -0,1074694 0,2924848
0,07037351 -0,1071824 0,2923834
0,07037351 -0,1071824 0,2923834
0,07065832 -0,1074705 0,2921704
0,07107821 -0,1082245 0,2921292
0,07132223 -0,1085847 0,2921996
0,07189932 -0,1083564 0,2922626
0,07244281 -0,1081879 0,2925383
0,07244281 -0,1081879 0,2925383
0,07270091 -0,1080041 0,292634
0,07314985 -0,1077863 0,2927964
0,07340518 -0,1078774 0,2927946
0,07355756 -0,1078858 0,2928046
0,07367812 -0,1077522 0,292794
0,07367812 -0,1077522 0,292794
0,07365294 -0,1077693 0,2927592
0,0736632 -0,1077481 0,292762
0,07369645 -0,1075861 0,2927476
0,07378297 -0,1073147 0,2926163
0,07383159 -0,1070676 0,2925846
0,07383159 -0,1070676 0,2925846
0,07380649 -0,1071404 0,2926079
0,07381363 -0,1070938 0,2926391
0,07386995 -0,1069947 0,2926066
0,07389694 -0,1069994 0,2926473
0,07395279 -0,1069798 0,2926192
0,07395279 -0,1069798 0,2926192
0,07398347 -0,1070646 0,2925653
0,07405616 -0,1070942 0,2925397
0,07425465 -0,1069881 0,2924632
0,07425482 -0,1071592 0,2924594
0,07425482 -0,1071592 0,2924594
0,07432667 -0,1072198 0,2924102
0,07436306 -0,1073079 0,2923673
0,07445936 -0,1074074 0,2923725
0,07457729 -0,1075178 0,2923851
0,07475869 -0,1075589 0,2924755
0,07475869 -0,1075589 0,2924755
0,07485962 -0,107441 0,2924438
0,07493954 -0,1073905 0,2924144
0,07497745 -0,1073206 0,2923433
0,07500138 -0,1073927 0,292303
0,07507887 -0,1073607 0,2922339
0,07507887 -0,1073607 0,2922339
