0,01905652 -0,1520748 0,2415736
0,02515559 -0,1581684 0,2445133
0,03178874 -0,1617602 0,2469502
0,04174067 -0,1644353 0,2515507
0,05785117 -0,1616367 0,2556114
0,07522922 -0,159025 0,2604719
0,07522922 -0,159025 0,2604719
0,09298585 -0,149952 0,2627236
0,1111214 -0,1383782 0,2663739
0,1289159 -0,1198135 0,2670988
0,1445172 -0,099448 0,2667544
0,1511461 -0,07521135 0,2628131
0,1511461 -0,07521135 0,2628131
0,1521074 -0,05130997 0,2539009
0,1509744 -0,02621514 0,2447217
0,1422555 -0,003986225 0,2329134
0,13259 0,01739287 0,2232118
0,1142276 0,03313388 0,2109354
0,1142276 0,03313388 0,2109354
0,09356276 0,04401982 0,1976874
0,07314726 0,05601989 0,1815184
0,04908167 0,05681388 0,1648409
0,02797084 0,05757651 0,1505146
0,02797084 0,05757651 0,1505146
0,007901463 0,05259625 0,138876
-0,01043063 0,04408493 0,1251202
-0,02720786 0,03497408 0,1158563
-0,03901849 0,01871014 0,1138882
-0,04693342 0,002807289 0,110997
-0,04693342 0,002807289 0,110997
-0,04206954 -0,01649322 0,1222464
-0,03419858 -0,03222263 0,1404262
-0,02046237 -0,04996015 0,1659802
0,008861403 -0,07246356 0,2047083
0,03465444 -0,08570841 0,241808
0,03465444 -0,08570841 0,241808
0,07016254 -0,1060891 0,2819582
0,1039859 -0,1216799 0,3023211
0,1303372 -0,1324339 0,3125631
0,1426934 -0,1290897 0,3080459
0,1553441 -0,1227964 0,3048359
0,1553441 -0,1227964 0,3048359
0,1526392 -0,1169031 0,2977616
0,1514414 -0,1168583 0,2945135
0,1466334 -0,1216948 0,2926229
0,1441372 -0,1242351 0,2919676
0,144 -0,1242404 0,2921119
0,144 -0,1242404 0,2921119
0,1438063 -0,1248235 0,2922894
0,1432044 -0,1257941 0,2926681
0,14238 -0,127172 0,2932604
0,1416868 -0,1284445 0,2938033
0,1416868 -0,1284445 0,2938033
0,1416348 -0,129041 0,2941664
0,141268 -0,1298409 0,2944
0,1409675 -0,1304045 0,2945266
0,1396807 -0,1316044 0,2944518
0,1389087 -0,1321281 0,2943149
0,1389087 -0,1321281 0,2943149
0,1391732 -0,1316886 0,2936583
0,1392521 -0,1315059 0,2933591
0,1393296 -0,1314861 0,293184
0,1398312 -0,1312756 0,2929137
0,1404581 -0,1309741 0,2927242
0,1404581 -0,1309741 0,2927242
0,1406494 -0,1313211 0,2924656
0,1409268 -0,1316327 0,2924564
0,1413463 -0,1316558 0,2922952
0,1416016 -0,1316875 0,2923539
0,1417077 -0,1318412 0,292289
0,1417077 -0,1318412 0,292289
0,1416758 -0,1317877 0,2922872
0,1416072 -0,1317965 0,2923123
0,1414987 -0,1319248 0,2923957
0,1416477 -0,1317128 0,2918897
0,1424848 -0,1306623 0,291361
