0,01790955 -0,1521364 0,238509
0,01738794 -0,1534519 0,2383933
0,01725811 -0,1541047 0,23836
0,01725811 -0,1541047 0,23836
0,01782337 -0,1556623 0,2387188
0,01903078 -0,1579712 0,2395561
0,02098509 -0,1604939 0,2404561
0,02583688 -0,1636018 0,2433763
0,03260842 -0,1670529 0,2471958
0,03260842 -0,1670529 0,2471958
0,04823229 -0,1677239 0,2524664
0,06458727 -0,1631094 0,2595344
0,08160127 -0,1578926 0,2659198
0,1004322 -0,1441606 0,2709356
0,1189104 -0,1284965 0,2746958
0,1189104 -0,1284965 0,2746958
0,1314193 -0,1015518 0,2736261
0,1378664 -0,07620558 0,2692074
0,1420342 -0,05212897 0,2639136
0,1375965 -0,0246703 0,2520292
0,1295675 -0,0005035996 0,2409278
0,1295675 -0,0005035996 0,2409278
0,1089081 0,01218362 0,2286558
0,08956283 0,02841596 0,2147039
0,06933776 0,04118928 0,198834
0,04688494 0,04417391 0,1829214
0,04688494 0,04417391 0,1829214
0,02583954 0,04381002 0,1656032
0,00430057 0,04296362 0,1472563
-0,01668199 0,0336147 0,1347139
-0,03513704 0,02268044 0,1251983
-0,0544945 0,01323383 0,1147657
-0,0544945 0,01323383 0,1147657
-0,05452619 -0,01943649 0,1192348
-0,04962969 -0,04020286 0,1292434
-0,03908647 -0,06443712 0,1549609
-0,01502552 -0,08881199 0,2073958
0,00245997 -0,1013848 0,2535102
0,00245997 -0,1013848 0,2535102
0,05595747 -0,1272198 0,2909472
0,08381934 -0,1334016 0,3062524
0,1119523 -0,1350603 0,3128222
0,1227254 -0,1249239 0,3083228
0,1290909 -0,1199759 0,3034614
0,1290909 -0,1199759 0,3034614
0,1183084 -0,1264327 0,2982072
0,1151999 -0,1289976 0,2962935
0,1130204 -0,1314774 0,2949501
0,1128138 -0,1324485 0,2956019
0,1120603 -0,1339446 0,2963163
0,1120603 -0,1339446 0,2963163
0,1132483 -0,134112 0,2982481
0,1142486 -0,1347843 0,2989141
0,1144883 -0,1356605 0,2994682
0,1148625 -0,1359265 0,3000656
0,1148625 -0,1359265 0,3000656
0,1141777 -0,1371557 0,3002675
0,1135925 -0,1383323 0,3006507
0,113342 -0,1388539 0,3006831
0,1131909 -0,1392418 0,3006887
0,1132635 -0,1391322 0,3005686
0,1132635 -0,1391322 0,3005686
0,113935 -0,1384667 0,3004687
0,1145885 -0,1378876 0,3003614
0,1145322 -0,1381798 0,3004385
0,1150376 -0,1377404 0,3003147
0,115188 -0,137437 0,3000632
0,115188 -0,137437 0,3000632
0,115025 -0,1375049 0,2998441
0,1150331 -0,1375211 0,2997136
0,1148323 -0,1376928 0,2997129
0,1148539 -0,1376359 0,2996353
0,1145746 -0,1374198 0,2992632
0,1145746 -0,1374198 0,2992632
0,1145744 -0,1371303 0,2989348
0,1146975 -0,1368654 0,2987924
0,1146155 -0,1369169 0,2987401
0,1146603 -0,1366598 0,2986717
0,1147268 -0,1363821 0,2986819
0,1147268 -0,1363821 0,2986819
0,1146662 -0,1360044 0,2986709
0,1149596 -0,1349879 0,298986
0,1157017 -0,1333325 0,2996714
0,1159748 -0,1319862 0,2999838
0,1158264 -0,1323148 0,2989039
0,1158264 -0,1323148 0,2989039
