0,1127573 -0,1433093 0,2686839
0,1127573 -0,1433093 0,2686839
0,1121028 -0,1386777 0,269509
0,1111401 -0,1304687 0,271176
0,1095622 -0,1207326 0,2724023
0,1054955 -0,108538 0,273349
0,10044 -0,09947824 0,273055
0,10044 -0,09947824 0,273055
0,09206397 -0,09303635 0,2739416
0,08331339 -0,08696651 0,2748749
0,07376898 -0,08359304 0,2758853
0,06329305 -0,08281115 0,2755418
0,05050676 -0,08458078 0,2760218
0,05050676 -0,08458078 0,2760218
0,03725529 -0,09230673 0,2738761
0,02296899 -0,09975186 0,2724487
0,005460599 -0,111982 0,2714454
-0,01129089 -0,1238935 0,2696064
-0,02683932 -0,1409407 0,2593356
-0,02683932 -0,1409407 0,2593356
-0,04580289 -0,1519967 0,2536387
-0,06272756 -0,1637969 0,2476673
-0,078145 -0,1723355 0,2393619
-0,09383151 -0,1728003 0,2302976
-0,09383151 -0,1728003 0,2302976
-0,1055845 -0,1633558 0,2214612
-0,1158143 -0,1524452 0,2145206
-0,1247107 -0,1395784 0,2112525
-0,1299761 -0,1213496 0,2104651
-0,1358101 -0,1047308 0,2089779
-0,1358101 -0,1047308 0,2089779
-0,1263077 -0,08422041 0,2127306
-0,1183621 -0,06834912 0,2152216
-0,1076277 -0,05562323 0,2191556
-0,09720088 -0,04522035 0,2252896
-0,08559668 -0,03556767 0,2314894
-0,08559668 -0,03556767 0,2314894
-0,07170903 -0,03665414 0,2376962
-0,05740693 -0,03834905 0,2439954
-0,04221803 -0,04569691 0,249493
-0,02976805 -0,05403966 0,2536456
-0,01521605 -0,07296869 0,2597258
-0,01521605 -0,07296869 0,2597258
2,838533E-05 -0,09224293 0,2622895
0,01516833 -0,1099633 0,2644811
0,03054844 -0,1304686 0,2692237
0,04816559 -0,145229 0,2700133
0,06673262 -0,1514875 0,2643946
0,06673262 -0,1514875 0,2643946
0,0795346 -0,1517463 0,2648751
0,09298339 -0,1520694 0,2646213
0,10275 -0,1449464 0,2638472
0,1121577 -0,1373661 0,2620676
0,1190825 -0,1255003 0,2603972
0,1190825 -0,1255003 0,2603972
0,1233065 -0,1153222 0,2588804
0,1276557 -0,1055508 0,2573684
0,1304945 -0,09752512 0,2568423
0,1322473 -0,09137571 0,2554712
0,1331544 -0,08852383 0,2542771
0,1331544 -0,08852383 0,2542771
0,1345688 -0,0865379 0,2541879
0,1352385 -0,08585498 0,2543074
0,1359699 -0,08543763 0,2543996
0,1366804 -0,08715197 0,2537177
0,1366804 -0,08715197 0,2537177
0,1368364 -0,0893577 0,2543339
0,137277 -0,09099436 0,2549185
0,1372244 -0,0931887 0,255072
0,1366842 -0,09586206 0,2555056
0,1361515 -0,09782922 0,2560506
0,1361515 -0,09782922 0,2560506
0,1360874 -0,09850293 0,2559721
0,1359593 -0,09922338 0,256019
0,135737 -0,09969321 0,2558935
0,1353967 -0,1002353 0,2558529
0,1348971 -0,1006861 0,2558831
0,1348971 -0,1006861 0,2558831
0,1343875 -0,1012337 0,2560346
0,1338885 -0,1017644 0,2561407
0,1333676 -0,1019898 0,2562941
