0,1701514 -0,1359936 0,1560241
0,172011 -0,1279791 0,159959
0,172011 -0,1279791 0,159959
0,1727038 -0,117638 0,1648256
0,1738949 -0,1060326 0,169395
0,1725127 -0,0937607 0,1740596
0,1702874 -0,0817522 0,1787989
0,1656506 -0,07035804 0,1839104
0,1656506 -0,07035804 0,1839104
0,1576295 -0,0613554 0,187596
0,1495791 -0,0507469 0,1908329
0,141725 -0,04050158 0,1939132
0,1278768 -0,03563558 0,1984549
0,117991 -0,02957729 0,2000051
0,117991 -0,02957729 0,2000051
0,1039633 -0,02996792 0,2015415
0,08963817 -0,03073156 0,2033309
0,07460015 -0,03576298 0,2047539
0,05859174 -0,04278062 0,2060336
0,04427509 -0,04914904 0,2039007
0,04427509 -0,04914904 0,2039007
0,02758237 -0,06398085 0,2027452
0,01098338 -0,07493103 0,1998839
-0,006175943 -0,08711371 0,1958419
-0,02228462 -0,09990364 0,190782
-0,03972873 -0,1129505 0,1866062
-0,03972873 -0,1129505 0,1866062
-0,05347532 -0,1260474 0,1807404
-0,06850158 -0,1358815 0,1755926
-0,0831624 -0,1414289 0,1688228
-0,09873141 -0,1459207 0,1639299
-0,09873141 -0,1459207 0,1639299
-0,1094248 -0,1417482 0,1506812
-0,1184433 -0,1333256 0,1409134
-0,1275086 -0,1239055 0,1358755
-0,1364747 -0,1109123 0,1360287
-0,1433758 -0,09666693 0,1362652
-0,1433758 -0,09666693 0,1362652
-0,1395681 -0,07906397 0,1384747
-0,1349932 -0,06506008 0,1413351
-0,1297491 -0,05192582 0,1441359
-0,123797 -0,03909418 0,1490431
-0,1101239 -0,03370595 0,1553255
-0,1101239 -0,03370595 0,1553255
-0,09796254 -0,0280029 0,1600397
-0,08545496 -0,0227185 0,1647827
-0,07256769 -0,02212696 0,1688563
-0,05945551 -0,02485792 0,174049
-0,04596528 -0,02942288 0,1772528
-0,04596528 -0,02942288 0,1772528
-0,03225905 -0,04076003 0,1808335
-0,0181979 -0,05261646 0,1842991
-0,003921088 -0,06673786 0,1876988
0,0110337 -0,082169 0,1899524
0,02455782 -0,09776039 0,1923435
0,02455782 -0,09776039 0,1923435
0,03660517 -0,1093537 0,1943106
0,05265915 -0,1233745 0,1939876
0,0681373 -0,1369249 0,1941511
0,08618926 -0,1481586 0,1877434
0,09863346 -0,1562093 0,1887356
0,09863346 -0,1562093 0,1887356
0,1110559 -0,1561951 0,1878924
0,1250305 -0,1545959 0,1876257
0,1381557 -0,1466186 0,1876166
0,1508378 -0,1380115 0,1866702
0,158941 -0,1282611 0,1844103
0,158941 -0,1282611 0,1844103
0,1676933 -0,1165089 0,1823119
0,1735522 -0,1067359 0,1795035
0,1787222 -0,09792207 0,1760882
0,1800658 -0,09234783 0,173971
0,1800658 -0,09234783 0,173971
0,180951 -0,08837339 0,1730843
0,1816146 -0,08476302 0,172126
0,1821823 -0,08170882 0,1707475
0,1827583 -0,07907344 0,1693987
0,1819597 -0,07824056 0,1690001
0,1819597 -0,07824056 0,1690001
0,1815136 -0,0784812 0,1688074
0,181502 -0,07796653 0,1681785
0,1813963 -0,07761922 0,1673665
0,1812806 -0,07772857 0,1669315
0,1808582 -0,07823803 0,166551
0,1808582 -0,07823803 0,166551
0,1801978 -0,07929979 0,166739
0,1795701 -0,08009732 0,16696
0,1788188 -0,08080693 0,1666676
0,1781661 -0,08162172 0,1666161
0,1773373 -0,08259097 0,1665543
0,1773373 -0,08259097 0,1665543
0,1768158 -0,08329706 0,1670848
0,1762618 -0,08398515 0,1675529
0,1758892 -0,08430374 0,1676307
0,1756201 -0,08466718 0,1679031
0,1753457 -0,08497661 0,1681399
0,1753457 -0,08497661 0,1681399
0,1752179 -0,08525781 0,1681856
