0,04316092 -0,1253182 0,2522163
0,0440357 -0,1215841 0,2527601
0,0440357 -0,1215841 0,2527601
0,04413021 -0,1200534 0,2536373
0,0442754 -0,1177968 0,2544553
0,04375476 -0,1171902 0,2554924
0,04305864 -0,1167595 0,2563407
0,04200233 -0,1159876 0,2571769
0,04058188 -0,1163009 0,2574695
0,04058188 -0,1163009 0,2574695
0,03820533 -0,1188924 0,2581996
0,03551589 -0,1217177 0,2585211
0,03222076 -0,1249901 0,2587453
0,02825762 -0,1294709 0,2594092
0,02355183 -0,1334685 0,2592065
0,02355183 -0,1334685 0,2592065
0,01771747 -0,1400553 0,2586773
0,01113309 -0,1451475 0,2578847
0,004286039 -0,1517039 0,256773
-0,003635284 -0,1573918 0,2546528
-0,01189273 -0,1650101 0,2519361
-0,01189273 -0,1650101 0,2519361
-0,02068286 -0,1718344 0,2512254
-0,02991218 -0,1755345 0,2483225
-0,03917635 -0,1785528 0,2439234
-0,04873047 -0,1767955 0,234521
-0,05440312 -0,1756892 0,2261687
-0,06084333 -0,1720618 0,219979
-0,06084333 -0,1720618 0,219979
-0,0709672 -0,1647852 0,21722
-0,07980695 -0,1550163 0,2157437
-0,08659036 -0,1449012 0,2136614
-0,08892559 -0,1309844 0,2097085
-0,09158437 -0,1168234 0,2069077
-0,09158437 -0,1168234 0,2069077
-0,09167532 -0,1029243 0,2050604
-0,09098803 -0,08981997 0,2049288
-0,0892951 -0,07650098 0,2039692
-0,08683871 -0,0640575 0,2042349
-0,08117621 -0,0527451 0,2031628
-0,07472264 -0,04434329 0,203228
-0,07472264 -0,04434329 0,203228
-0,06947187 -0,03711836 0,2058643
-0,06306668 -0,03005813 0,2078197
-0,05602776 -0,02630953 0,2099729
-0,0493632 -0,02266665 0,2126222
-0,0422072 -0,01878048 0,2154748
-0,0422072 -0,01878048 0,2154748
-0,03460853 -0,02331403 0,2195032
-0,02718439 -0,02748895 0,2236921
-0,01976087 -0,03215834 0,2274247
-0,01269473 -0,03776018 0,2306856
-0,005428703 -0,04420501 0,2338627
-0,005428703 -0,04420501 0,2338627
0,003040114 -0,05559111 0,2358642
0,01081254 -0,06806466 0,2386413
0,01868346 -0,08174479 0,2402583
0,0247748 -0,09528306 0,2450442
0,03328267 -0,109993 0,2475694
0,04403332 -0,1231583 0,2477911
0,04403332 -0,1231583 0,2477911
0,05412319 -0,134252 0,2471895
0,06457809 -0,1456343 0,2506064
0,07579658 -0,1539034 0,2520398
0,09018496 -0,1595109 0,2472876
0,1009443 -0,1668466 0,2480291
0,1009443 -0,1668466 0,2480291
0,1122549 -0,1688812 0,2477551
0,1232097 -0,1711546 0,2498105
0,1355258 -0,1683033 0,2510361
0,1483401 -0,1636526 0,2524497
0,160367 -0,157722 0,2523208
0,160367 -0,157722 0,2523208
0,1701562 -0,1474728 0,2529104
0,1794753 -0,1367468 0,2538595
0,1863916 -0,1264062 0,2549099
0,1938119 -0,1132675 0,2557086
0,1977529 -0,0989328 0,2559806
0,1990809 -0,08713838 0,2562957
0,1990809 -0,08713838 0,2562957
0,1974103 -0,07485825 0,2606857
0,1967506 -0,06239006 0,2624348
0,194384 -0,05098453 0,2628301
0,1904303 -0,04112452 0,2628956
0,1823423 -0,03487042 0,2649906
0,1823423 -0,03487042 0,2649906
0,1754331 -0,02920997 0,2664962
0,1695258 -0,02254635 0,2674661
0,1625725 -0,01727483 0,2695229
0,1545789 -0,01597294 0,2695713
0,1470118 -0,01295289 0,2713919
0,1394356 -0,01004457 0,272933
0,1394356 -0,01004457 0,272933
0,1297807 -0,01434267 0,2730546
0,1208992 -0,01738641 0,2736594
0,1112571 -0,02090696 0,2745053
0,1020022 -0,02701786 0,2740564
0,09211675 -0,0346961 0,2734889
0,09211675 -0,0346961 0,2734889
0,0829524 -0,04493636 0,2730811
0,07370254 -0,05348372 0,2720076
0,06398877 -0,06270611 0,2709396
0,05414223 -0,07302248 0,2699062
0,04452621 -0,08288747 0,2683064
0,04452621 -0,08288747 0,2683064
0,03477841 -0,09132284 0,266521
0,02550933 -0,1000144 0,2633221
0,01580661 -0,1093637 0,2592656
0,007017706 -0,118515 0,2543098
-0,003428186 -0,1265007 0,2502554
-0,003428186 -0,1265007 0,2502554
-0,01421388 -0,1351202 0,246784
-0,02530804 -0,142702 0,2430245
-0,03546919 -0,151448 0,2408246
-0,04602648 -0,1561008 0,2358356
-0,05476395 -0,1611265 0,2326859
-0,06410605 -0,162148 0,2286966
-0,06410605 -0,162148 0,2286966
-0,07231361 -0,1625882 0,2216314
-0,08029536 -0,1595034 0,2136667
-0,08705418 -0,1557073 0,2069992
-0,09307564 -0,1515088 0,2020936
-0,09985199 -0,141646 0,198747
-0,09985199 -0,141646 0,198747
-0,1053231 -0,1324559 0,1991674
-0,1107012 -0,1217746 0,1979093
-0,1146981 -0,1074862 0,1964298
-0,1164763 -0,09279859 0,193697
-0,1182555 -0,07900745 0,1935515
-0,1182555 -0,07900745 0,1935515
-0,112818 -0,06789434 0,194838
-0,1078949 -0,05617785 0,1959823
-0,1029039 -0,04579924 0,1976798
-0,09532811 -0,0376889 0,2007536
-0,08752841 -0,03018087 0,2038836
-0,08000696 -0,02191095 0,2066875
-0,08000696 -0,02191095 0,2066875
-0,07157441 -0,01744962 0,2108779
-0,0631029 -0,01311862 0,2156327
-0,05359314 -0,01164618 0,2201271
-0,04397826 -0,01025264 0,2244087
-0,03529364 -0,01328385 0,2298711
-0,03529364 -0,01328385 0,2298711
-0,02610549 -0,01741494 0,2334607
-0,01697062 -0,02308866 0,2378757
-0,007987734 -0,0287022 0,2412321
0,001059529 -0,03941424 0,2444594
0,01041057 -0,05092861 0,248084
0,01041057 -0,05092861 0,248084
0,01789701 -0,0628387 0,2513728
0,02712427 -0,07773799 0,2539057
0,03624187 -0,09346712 0,2577208
0,04624102 -0,1055892 0,2600113
0,05684129 -0,1171345 0,2607481
0,06846596 -0,1272898 0,258896
0,06846596 -0,1272898 0,258896
0,08115702 -0,1359911 0,258877
0,0947366 -0,1453309 0,258907
0,1077816 -0,1515909 0,2587844
0,1202565 -0,154779 0,2564698
0,131757 -0,1597324 0,2569008
0,131757 -0,1597324 0,2569008
0,1442349 -0,1607058 0,2583995
0,1566216 -0,1587594 0,2599701
0,1679761 -0,1559213 0,2605975
0,180022 -0,1511803 0,2600212
0,1914483 -0,1429111 0,2578239
0,2005462 -0,1340522 0,2576776
0,2005462 -0,1340522 0,2576776
0,2084266 -0,1194848 0,2598749
0,2144083 -0,1068458 0,2620699
0,2175364 -0,09334114 0,2617841
0,2178605 -0,08152398 0,2636604
0,2132608 -0,07215905 0,2672628
0,2132608 -0,07215905 0,2672628
0,2089648 -0,0620141 0,269871
0,2045759 -0,05093262 0,2706229
0,2000358 -0,03929403 0,2710731
0,1897061 -0,03437313 0,2700258
0,1793683 -0,0296331 0,2709117
0,1793683 -0,0296331 0,2709117
0,1672686 -0,02782622 0,2724715
0,1557995 -0,02618569 0,2723134
0,1449445 -0,02236962 0,2736501
0,1345859 -0,01909277 0,273932
0,1237317 -0,01943189 0,2735525
0,1237317 -0,01943189 0,2735525
0,1118609 -0,02413982 0,2735749
0,1001769 -0,02773157 0,2735184
0,08886662 -0,03444314 0,2719455
0,07835039 -0,04241952 0,2712523
0,06824925 -0,05265117 0,2694518
0,05919389 -0,05885583 0,2672673
0,05919389 -0,05885583 0,2672673
0,04964007 -0,06817493 0,2666486
0,04050035 -0,07762361 0,2650771
0,03170491 -0,08560869 0,2626166
0,02292479 -0,09380686 0,2605251
0,01421152 -0,1033144 0,2574593
0,01421152 -0,1033144 0,2574593
0,00688088 -0,1107332 0,2526601
-0,002179803 -0,1178794 0,2485196
-0,01096809 -0,125038 0,2446568
-0,01955336 -0,1325229 0,2417948
-0,02773986 -0,1400021 0,2394995
-0,03593821 -0,1448711 0,2374817
-0,03593821 -0,1448711 0,2374817
-0,04342205 -0,1464282 0,2334293
-0,04990537 -0,1493919 0,2297867
-0,0552832 -0,1511958 0,2247112
-0,0657419 -0,14978 0,2194014
-0,0701368 -0,148958 0,2139216
-0,0701368 -0,148958 0,2139216
-0,07564685 -0,1449371 0,2094503
-0,08130687 -0,1408541 0,2060806
-0,08793207 -0,1341238 0,203631
-0,09311154 -0,1281192 0,2017054
-0,09747063 -0,120171 0,2000325
-0,09747063 -0,120171 0,2000325
-0,09856326 -0,1111358 0,1979715
-0,09933184 -0,1019589 0,1959505
-0,09791041 -0,09355173 0,1952426
-0,09406292 -0,08712611 0,1969633
-0,09171639 -0,07756476 0,1978115
-0,08612515 -0,06855661 0,197135
-0,08612515 -0,06855661 0,197135
-0,07934226 -0,0642646 0,2006194
-0,07170725 -0,05803666 0,2029207
-0,06487618 -0,05265328 0,2062746
-0,05699417 -0,04794663 0,2098073
-0,04799923 -0,04458129 0,2133227
-0,04799923 -0,04458129 0,2133227
-0,03910621 -0,04223223 0,2179485
-0,02946057 -0,041668 0,222913
-0,02010754 -0,04274005 0,2286892
-0,01026424 -0,04398935 0,2331288
1,596567E-05 -0,04568209 0,2367476
1,596567E-05 -0,04568209 0,2367476
0,008200765 -0,05230501 0,242706
0,01757716 -0,05826189 0,2471645
0,02597492 -0,06570247 0,2517068
0,03480106 -0,07299453 0,2547113
0,04273793 -0,08118063 0,2578458
0,05020984 -0,09014547 0,2612231
0,05020984 -0,09014547 0,2612231
0,05715216 -0,09956929 0,2634851
0,0643051 -0,1084508 0,2665702
0,07226364 -0,1140301 0,267676
0,07946081 -0,1212753 0,2678241
0,0868171 -0,1282172 0,2665976
0,0868171 -0,1282172 0,2665976
0,09324716 -0,1317734 0,267853
0,1000739 -0,1359586 0,2684178
0,1069685 -0,1381997 0,266472
0,1125838 -0,1403821 0,2656386
0,1164237 -0,1436277 0,2652563
0,1164237 -0,1436277 0,2652563
0,1192231 -0,1438065 0,2640663
0,122089 -0,1446409 0,2634643
0,1251321 -0,1445469 0,2631212
0,1265212 -0,1441273 0,2632236
0,1282207 -0,1432117 0,2630259
0,1290338 -0,1422239 0,2628184
0,1290338 -0,1422239 0,2628184
0,1296122 -0,1411064 0,2628959
0,1299316 -0,1394835 0,263209
0,1301065 -0,1376729 0,2631021
