0,1792161 -0,1051117 0,2039189
0,1775137 -0,09972185 0,2061331
0,1754064 -0,09458959 0,2080534
0,1718209 -0,08858639 0,2113455
0,1663681 -0,08250329 0,2148241
0,1663681 -0,08250329 0,2148241
0,1604339 -0,07802078 0,2168197
0,1527684 -0,07397208 0,2191013
0,1449049 -0,0713346 0,2217087
0,1381841 -0,06778312 0,2225632
0,1381841 -0,06778312 0,2225632
0,1294801 -0,06707138 0,2237476
0,1195176 -0,06869385 0,2247481
0,1093108 -0,07128552 0,2253972
0,09890527 -0,07484713 0,226124
0,08639279 -0,08275747 0,22686
0,08639279 -0,08275747 0,22686
0,0726862 -0,09210207 0,2281957
0,05867294 -0,1002145 0,2265132
0,04482037 -0,1102591 0,2233714
0,03136776 -0,1204713 0,2192677
0,0154225 -0,1322462 0,2149229
0,0154225 -0,1322462 0,2149229
-0,001453658 -0,141522 0,2118175
-0,01844154 -0,150188 0,209795
-0,03361234 -0,1582015 0,2061827
-0,04958344 -0,1589421 0,1995608
-0,06647398 -0,1609653 0,1962523
-0,06647398 -0,1609653 0,1962523
-0,07247707 -0,1486417 0,1796748
-0,08341633 -0,1347832 0,1721537
-0,09545705 -0,1221831 0,1691537
-0,1053821 -0,1061601 0,1722058
-0,1110219 -0,08918314 0,1726434
-0,1110219 -0,08918314 0,1726434
-0,1062887 -0,07373424 0,1692888
-0,1035292 -0,05906591 0,1694028
-0,09795228 -0,0459197 0,1710339
-0,09079611 -0,03474274 0,1725561
-0,09079611 -0,03474274 0,1725561
-0,08234173 -0,02915263 0,1763229
-0,07306293 -0,02423581 0,1788307
-0,06278195 -0,02493194 0,182697
-0,05259678 -0,02619159 0,1864523
-0,04231173 -0,03247973 0,1912069
-0,04231173 -0,03247973 0,1912069
-0,03210411 -0,04142907 0,1971181
-0,02042409 -0,05340263 0,2020058
-0,007322107 -0,07275221 0,206028
0,005742352 -0,09033132 0,2093608
0,01963222 -0,1069552 0,2135869
0,01963222 -0,1069552 0,2135869
0,03396826 -0,1200643 0,2156771
0,04906435 -0,1322376 0,2194668
0,06549764 -0,1416838 0,2206756
0,08412801 -0,1473884 0,2156563
0,09870966 -0,1530706 0,2169172
0,09870966 -0,1530706 0,2169172
0,1147015 -0,1445892 0,2179332
0,1286433 -0,1388968 0,2195502
0,1416348 -0,130075 0,2205373
0,1543282 -0,119654 0,2201054
0,1635218 -0,1072238 0,2178859
0,1635218 -0,1072238 0,2178859
0,1677176 -0,09805715 0,216573
0,171669 -0,08993685 0,2150949
0,1729727 -0,0850134 0,2141681
0,1745213 -0,08010055 0,2130455
0,1756681 -0,07658185 0,2117613
0,1756681 -0,07658185 0,2117613
0,174864 -0,07678618 0,2112103
0,1747813 -0,07624006 0,2098221
0,1745259 -0,07642969 0,2086377
0,174162 -0,07744217 0,2076689
0,1738039 -0,07812957 0,206632
0,1738039 -0,07812957 0,206632
0,1732322 -0,08006337 0,2064284
0,1725138 -0,08166656 0,2061082
0,1716818 -0,08316278 0,2057556
0,1710246 -0,08451746 0,2053874
0,1710246 -0,08451746 0,2053874
0,1699433 -0,08575076 0,2048092
0,1691482 -0,08690071 0,2043778
0,1683385 -0,08794808 0,2039609
0,1675649 -0,08889785 0,2036216
0,1668832 -0,08960788 0,2032859
0,1668832 -0,08960788 0,2032859
0,1661956 -0,09037597 0,2030504
0,1655741 -0,09112188 0,2028486
0,1650389 -0,09175777 0,2027408
0,1646412 -0,09228843 0,2026532
0,1644535 -0,09248 0,202578
0,1644535 -0,09248 0,202578
0,1645124 -0,09246483 0,2024937
0,1646132 -0,09248461 0,2024783
0,1648435 -0,09263581 0,2021775
0,1650086 -0,09267113 0,2023399
0,1652334 -0,09287091 0,2023173
0,1652334 -0,09287091 0,2023173
0,165888 -0,09296754 0,202371
0,1664319 -0,09318233 0,2024342
0,1669829 -0,09342356 0,2023981
0,1674731 -0,09391128 0,202295
0,1681004 -0,09424126 0,2020437
0,1681004 -0,09424126 0,2020437
0,1682738 -0,09492163 0,2021139
0,1685804 -0,09543107 0,2020963
0,1691594 -0,09582102 0,2019616
0,1696395 -0,09619644 0,2018749
0,1696395 -0,09619644 0,2018749
0,1706247 -0,09622522 0,2014308
0,1708885 -0,09679505 0,2012956
