0,03333171 -0,182451 0,213021
0,03319144 -0,1819015 0,2118285
0,03313749 -0,1812565 0,2107
0,03284517 -0,1805206 0,2095396
0,03284517 -0,1805206 0,2095396
0,0326189 -0,1793182 0,2081107
0,0323878 -0,1781919 0,2066571
0,03220825 -0,1766742 0,205194
0,03194783 -0,1752783 0,2043385
0,03151132 -0,1735251 0,2031707
0,03151132 -0,1735251 0,2031707
0,03085556 -0,1727222 0,2024246
0,03015964 -0,1717575 0,2016622
0,02916035 -0,1710675 0,2013927
0,02796582 -0,172311 0,2016175
0,02680178 -0,1741142 0,2015132
0,02680178 -0,1741142 0,2015132
0,02507164 -0,178587 0,2023039
0,02284567 -0,183917 0,2044595
0,02002977 -0,1895893 0,2084943
0,01693103 -0,1961507 0,2139546
0,01489262 -0,2043636 0,2182884
0,01489262 -0,2043636 0,2182884
0,01175593 -0,2086259 0,2231164
0,009037589 -0,208649 0,2281519
0,005887529 -0,2057395 0,2369808
0,004319736 -0,1900192 0,2435721
0,002898622 -0,172633 0,2486642
0,002898622 -0,172633 0,2486642
0,002545483 -0,1369189 0,2551452
0,001995371 -0,1026405 0,26194
0,002716872 -0,07002568 0,2670288
0,00592318 -0,02757815 0,2619606
0,00592318 -0,02757815 0,2619606
0,007510568 0,005729347 0,258262
0,01001671 0,01694131 0,2532305
0,009970805 0,05138314 0,2488474
0,01114715 0,08076298 0,2456999
0,01284453 0,1202883 0,2362037
0,01284453 0,1202883 0,2362037
0,01791474 0,1365266 0,2273701
0,02075779 0,1585203 0,2205673
0,02227541 0,1728953 0,2151326
0,0242959 0,1783249 0,2111122
0,02595391 0,1841871 0,2074501
0,02595391 0,1841871 0,2074501
0,02604787 0,18875 0,2064458
0,02635537 0,1971768 0,2045286
0,02637283 0,2013871 0,2028795
0,02555782 0,20391 0,202337
0,02443428 0,204463 0,2025801
0,02443428 0,204463 0,2025801
0,02361495 0,2022824 0,2024778
0,02231687 0,2033677 0,2020783
0,0211341 0,2016875 0,2027963
0,01963142 0,2009808 0,2035017
0,01762016 0,1998915 0,2049588
0,01762016 0,1998915 0,2049588
0,01749224 0,1974773 0,2044182
0,01686154 0,1953667 0,2044632
0,01530888 0,1929993 0,2053553
0,01463185 0,1930857 0,205912
0,01378922 0,1934647 0,2062765
0,01378922 0,1934647 0,2062765
0,0128988 0,1930172 0,2064717
0,01232406 0,1937098 0,206719
0,0119835 0,1942601 0,2064587
0,01169981 0,1931193 0,2067725
0,01169981 0,1931193 0,2067725
0,01150226 0,1925008 0,2069842
0,01101527 0,1919905 0,2072396
0,01069331 0,1927881 0,2071661
0,01054575 0,1929255 0,2073508
0,01030589 0,1937757 0,2071373
0,01030589 0,1937757 0,2071373
0,0102658 0,1933241 0,2071925
0,009886783 0,1933092 0,2075729
0,009738531 0,1920512 0,2082925
0,009299523 0,1909069 0,2085629
0,009021668 0,190172 0,2088204
0,009021668 0,190172 0,2088204
0,009048436 0,1902691 0,2088838
0,008984744 0,1896372 0,2092967
0,009147247 0,1889371 0,2094739
0,009857244 0,1883204 0,209417
0,0102905 0,1882144 0,2094139
0,0102905 0,1882144 0,2094139
0,01088467 0,185715 0,2101288
0,01147163 0,1833788 0,210773
0,01170683 0,1820469 0,2109291
0,01177425 0,1810675 0,211326
