0,1736906 -0,09779209 0,1927775
0,1721989 -0,09363146 0,1955471
0,1688907 -0,08680734 0,1991723
0,1643801 -0,07941967 0,2033689
0,1643801 -0,07941967 0,2033689
0,156822 -0,07259941 0,2061156
0,1490577 -0,0662812 0,2098542
0,1403589 -0,0594938 0,2121034
0,1314091 -0,05355991 0,2136714
0,1213524 -0,04893526 0,215295
0,1213524 -0,04893526 0,215295
0,1106791 -0,04500458 0,2169782
0,09953432 -0,04180497 0,2189275
0,08718412 -0,04206964 0,2204541
0,07465221 -0,04337755 0,2214311
0,06171864 -0,0483246 0,2220359
0,06171864 -0,0483246 0,2220359
0,04827464 -0,05478822 0,2229651
0,03479561 -0,06327346 0,2228027
0,02137197 -0,07131281 0,2222703
0,007325655 -0,08155733 0,2210936
-0,007002282 -0,09154704 0,2169027
-0,007002282 -0,09154704 0,2169027
-0,0219127 -0,1046697 0,2110263
-0,03736607 -0,1154088 0,2067926
-0,05136316 -0,1269354 0,2016648
-0,06522396 -0,13817 0,1976578
-0,07836184 -0,1442444 0,1931577
-0,07836184 -0,1442444 0,1931577
-0,09256906 -0,1457679 0,1872827
-0,1035417 -0,1447796 0,177061
-0,1117773 -0,1380182 0,1700098
-0,1225834 -0,1288469 0,1628565
-0,1297767 -0,1175696 0,1648829
-0,1297767 -0,1175696 0,1648829
-0,1350953 -0,1028506 0,1659358
-0,1350323 -0,0875601 0,1671375
-0,1340455 -0,07321385 0,1678713
-0,1272174 -0,05928537 0,1703684
-0,1272174 -0,05928537 0,1703684
-0,1165333 -0,05012846 0,173295
-0,1057988 -0,04146558 0,1776297
-0,09435149 -0,03453472 0,1822347
-0,08263205 -0,03084682 0,1869167
-0,07057022 -0,02828713 0,1905555
-0,07057022 -0,02828713 0,1905555
-0,05784071 -0,03141378 0,1940684
-0,0450663 -0,0362097 0,1985844
-0,03206787 -0,04298735 0,2025262
-0,02063191 -0,05250004 0,2064551
-0,008036485 -0,06393701 0,2109082
-0,008036485 -0,06393701 0,2109082
0,004370224 -0,07801419 0,2133351
0,01848211 -0,09240305 0,2153046
0,03069338 -0,1069157 0,2165628
0,04342279 -0,1230807 0,2175664
0,05983911 -0,1344811 0,211519
0,05983911 -0,1344811 0,211519
0,07348394 -0,1452821 0,2103962
0,08791967 -0,1562186 0,2089015
0,1026934 -0,1646804 0,2061523
0,1166959 -0,166964 0,2046612
0,1299938 -0,1669633 0,2024956
0,1299938 -0,1669633 0,2024956
0,1447185 -0,1562295 0,201948
0,1556937 -0,1485229 0,2022464
0,168043 -0,1367441 0,2011225
0,1766542 -0,1247556 0,2009533
0,1855811 -0,1118552 0,200413
0,1855811 -0,1118552 0,200413
0,1888213 -0,1004693 0,1997992
0,191484 -0,09103957 0,1996548
0,1929263 -0,08324724 0,1993698
0,1932447 -0,07693288 0,1992112
0,1932447 -0,07693288 0,1992112
0,1918198 -0,07390891 0,1990052
0,1912498 -0,07023427 0,198523
0,1906987 -0,06742133 0,1977624
0,1903281 -0,06484216 0,1967319
0,1891363 -0,06500688 0,1962676
0,1891363 -0,06500688 0,1962676
0,1886135 -0,06432068 0,1956575
0,1880999 -0,06388298 0,1949891
0,1874275 -0,06422943 0,1943801
0,1869208 -0,06449729 0,1940292
0,1862218 -0,06524473 0,1938427
0,1862218 -0,06524473 0,1938427
0,1856048 -0,0660537 0,1935726
0,1851146 -0,06681922 0,1932173
0,1847565 -0,0675599 0,1927894
0,1845955 -0,06796534 0,1925322
0,1845144 -0,06844001 0,1922273
0,1845144 -0,06844001 0,1922273
0,1844926 -0,06883036 0,191922
0,1844084 -0,06934401 0,1915447
0,1842556 -0,06997204 0,1913011
0,1840675 -0,07056749 0,1911542
0,1838114 -0,07138067 0,190828
0,1838114 -0,07138067 0,190828
0,1834767 -0,07204849 0,1909309
0,1832843 -0,07272372 0,1908254
0,1833095 -0,07307062 0,1906943
0,1832719 -0,07351483 0,1905778
0,1832719 -0,07351483 0,1905778
0,1838106 -0,07330181 0,190515
0,1842218 -0,07333627 0,190408
0,1846411 -0,07330616 0,1903925
0,1851836 -0,07323858 0,1903072
0,185679 -0,07320529 0,1902462
0,185679 -0,07320529 0,1902462
0,1860211 -0,07346718 0,1902335
0,1862733 -0,07376342 0,1901235
0,1863773 -0,07421903 0,1901603
0,1862989 -0,07503065 0,1902414
0,1863011 -0,0756219 0,1902317
0,1863011 -0,0756219 0,1902317
0,1866931 -0,07579705 0,1899305
0,1870806 -0,07601957 0,1896912
0,187337 -0,07629514 0,1894715
0,1877505 -0,07631278 0,1891986
0,1881395 -0,07636115 0,1889118
