0,1859915 -0,1153468 0,1844499
0,1861347 -0,11334 0,1859356
0,1856975 -0,1106904 0,1881437
0,1845562 -0,104474 0,1922884
0,183184 -0,09625551 0,196969
0,1809252 -0,08713624 0,2016918
0,1759222 -0,07661775 0,2050608
0,1759222 -0,07661775 0,2050608
0,1675718 -0,06874581 0,208291
0,1595132 -0,06174242 0,2116317
0,1495118 -0,05484501 0,2142832
0,1408366 -0,04691401 0,2158617
0,1408366 -0,04691401 0,2158617
0,1286362 -0,04372033 0,216978
0,1152083 -0,04226008 0,2190723
0,1014416 -0,04274595 0,2210359
0,08806288 -0,0427925 0,2221171
0,0731025 -0,04728399 0,2221072
0,0731025 -0,04728399 0,2221072
0,05683799 -0,0585475 0,2209793
0,04029678 -0,06888281 0,2197984
0,02281415 -0,08077753 0,2185378
0,005715765 -0,09126833 0,2168472
-0,01069884 -0,1025055 0,2093133
-0,01069884 -0,1025055 0,2093133
-0,02918756 -0,1188331 0,2002079
-0,04566237 -0,1327455 0,1941895
-0,06215518 -0,1460937 0,1881207
-0,07759968 -0,1544231 0,1823481
-0,09728353 -0,1619075 0,1786984
-0,09728353 -0,1619075 0,1786984
-0,105332 -0,1588922 0,1597288
-0,1173352 -0,1533481 0,1488837
-0,132418 -0,1433431 0,1465384
-0,1449473 -0,1315599 0,1440324
-0,1449473 -0,1315599 0,1440324
-0,1496375 -0,1140316 0,1450219
-0,1512874 -0,09683514 0,1452241
-0,1501296 -0,08056523 0,1475358
-0,1448953 -0,06636767 0,149501
-0,1389586 -0,05334005 0,1543393
-0,1389586 -0,05334005 0,1543393
-0,1308224 -0,04329728 0,1599919
-0,1196393 -0,03519069 0,1652032
-0,1081494 -0,03089529 0,1723011
-0,0961538 -0,0272397 0,1785112
-0,08251198 -0,02908339 0,1849535
-0,08251198 -0,02908339 0,1849535
-0,06937988 -0,03252243 0,1906255
-0,05507183 -0,04011141 0,195812
-0,04065031 -0,04992184 0,2007857
-0,02597829 -0,06482333 0,2052485
-0,01029558 -0,07971947 0,2091046
-0,01029558 -0,07971947 0,2091046
0,003175226 -0,09424283 0,2117553
0,01859592 -0,1103802 0,2141196
0,03263768 -0,1233529 0,2172181
0,04883415 -0,1374525 0,2177629
0,06734414 -0,1470811 0,212919
0,06734414 -0,1470811 0,212919
0,08149237 -0,1548685 0,2127848
0,09654857 -0,163757 0,212452
0,1100873 -0,1606715 0,2117245
0,1233873 -0,1589976 0,2119385
0,1363074 -0,1500105 0,2118573
0,1363074 -0,1500105 0,2118573
0,1489382 -0,1392489 0,2095628
0,1594228 -0,1288144 0,2075549
0,1690671 -0,118803 0,2060766
0,1757423 -0,109514 0,2033533
0,1757423 -0,109514 0,2033533
0,1777717 -0,1058882 0,2014827
0,1812225 -0,1011802 0,1999796
0,1834779 -0,09811875 0,199672
0,185633 -0,09505966 0,1993413
0,1879633 -0,09208691 0,1985175
0,1879633 -0,09208691 0,1985175
0,1889386 -0,09128198 0,197486
0,1899396 -0,09039141 0,197062
0,1905819 -0,08987436 0,1968376
0,1906366 -0,08996239 0,1966027
0,1907113 -0,09007221 0,1961075
0,1907113 -0,09007221 0,1961075
0,1909926 -0,0897875 0,1955283
0,1909866 -0,08994523 0,1946795
0,1908555 -0,09001479 0,1940917
0,1903308 -0,09047478 0,1934448
0,1898033 -0,09065163 0,1932168
0,1898033 -0,09065163 0,1932168
0,1890689 -0,09068127 0,1927259
0,1884606 -0,09068432 0,1923934
0,1878427 -0,09071876 0,1922662
0,1872245 -0,09085292 0,1923993
0,1866799 -0,09074306 0,1923428
0,1866799 -0,09074306 0,1923428
0,1859065 -0,09121749 0,1928618
0,1856756 -0,09123731 0,1927941
0,1855197 -0,09123039 0,1928235
0,1856516 -0,09107317 0,1928439
0,1856516 -0,09107317 0,1928439
0,1857147 -0,0911084 0,1928958
0,185781 -0,09103203 0,1929185
0,1856845 -0,091315 0,1930931
0,1859188 -0,09133227 0,193076
0,186074 -0,09150025 0,1933225
0,186074 -0,09150025 0,1933225
0,1864943 -0,09147266 0,1934106
0,1869811 -0,09137648 0,1934435
0,1875746 -0,09112117 0,1935672
0,1881557 -0,09094582 0,1936189
0,1887985 -0,09068939 0,1934577
0,1887985 -0,09068939 0,1934577
0,1892558 -0,09066617 0,1933511
0,189674 -0,09063542 0,1933385
0,1900296 -0,09070815 0,1929903
0,190312 -0,09072974 0,1929186
0,1906017 -0,09079905 0,1927111
0,1906017 -0,09079905 0,1927111
0,1908826 -0,0908926 0,1925412
0,1910041 -0,0911499 0,19249
0,1909517 -0,09149632 0,1924959
0,1909194 -0,09184574 0,1925971
0,1909581 -0,09204322 0,1929034
0,1909581 -0,09204322 0,1929034
0,1909968 -0,09200564 0,1932026
0,19113 -0,0918739 0,19362
0,1911384 -0,09153129 0,194103
0,191248 -0,0907062 0,1944405
0,1914137 -0,08967701 0,1947881
0,1914137 -0,08967701 0,1947881
0,1914945 -0,08832818 0,1950697
0,1914524 -0,08711216 0,1954707
0,1909542 -0,08638074 0,1960199
0,1907722 -0,08533861 0,1965281
0,1907722 -0,08533861 0,1965281
0,1905435 -0,08476257 0,1966909
0,1905075 -0,08415374 0,1967273
0,1906387 -0,08355623 0,1965479
0,1907402 -0,08328792 0,1965029
0,1908601 -0,08314326 0,1963718
0,1908601 -0,08314326 0,1963718
0,1908734 -0,08316401 0,1963601
0,1910091 -0,0830421 0,196278
0,1911148 -0,08300185 0,1962773
0,191261 -0,08297268 0,1961614
0,1914491 -0,08305661 0,1961165
0,1914491 -0,08305661 0,1961165
0,1917669 -0,08316049 0,195934
0,1919839 -0,08323136 0,1958324
0,192162 -0,08328193 0,1956906
0,1922799 -0,08319145 0,1955324
