0,08505116 -0,130179 0,2690021
0,08399779 -0,1298462 0,2685103
0,08355571 -0,1297891 0,2683483
0,08355571 -0,1297891 0,2683483
0,08275902 -0,1302118 0,2682296
0,08193499 -0,1307693 0,2681153
0,08140305 -0,1312451 0,2678431
0,08100095 -0,1320034 0,2675802
0,08064706 -0,1326574 0,2671999
0,08064706 -0,1326574 0,2671999
0,08105955 -0,1342764 0,267357
0,0820465 -0,1361825 0,2678508
0,08370782 -0,1382213 0,2689088
0,08843916 -0,1403157 0,2707483
0,09639202 -0,1407535 0,2743918
0,09639202 -0,1407535 0,2743918
0,1082554 -0,1373446 0,2784922
0,1211294 -0,1324224 0,2828775
0,136862 -0,1192763 0,28658
0,1530259 -0,1022834 0,2902282
0,1651132 -0,07932436 0,2931064
0,1651132 -0,07932436 0,2931064
0,1699782 -0,05342314 0,2883588
0,1717995 -0,02707827 0,2827694
0,1646186 -0,002930969 0,2717218
0,1535765 0,01901042 0,2621537
0,1370201 0,04017434 0,2501693
0,1370201 0,04017434 0,2501693
0,1144253 0,05097537 0,2379127
0,09244828 0,06244488 0,2247266
0,06990138 0,0692673 0,2098866
0,04666569 0,07224953 0,1954374
0,02506388 0,06690322 0,1809066
0,02506388 0,06690322 0,1809066
0,003167615 0,06083618 0,1708167
-0,01650233 0,05172556 0,1584482
-0,03216618 0,03427438 0,1507299
-0,04610737 0,01744942 0,1460311
-0,04610737 0,01744942 0,1460311
-0,04637784 -0,003543809 0,1512007
-0,03876466 -0,02567372 0,1685323
-0,02633253 -0,04514807 0,1904186
-0,001855862 -0,05412076 0,2247356
0,02769655 -0,07087606 0,2629037
0,02769655 -0,07087606 0,2629037
0,06847262 -0,09772995 0,3099749
0,09562217 -0,1090046 0,3218903
0,1179962 -0,1130701 0,3293245
0,1230231 -0,1085794 0,3236109
0,1267495 -0,107677 0,3209094
0,1267495 -0,107677 0,3209094
0,1213099 -0,1059106 0,3180404
0,1189777 -0,1088645 0,316178
0,1185216 -0,1099655 0,3155124
0,1198764 -0,1101737 0,3164569
0,1212366 -0,1112718 0,3176986
0,1212366 -0,1112718 0,3176986
0,1256049 -0,1087335 0,3192573
0,1274757 -0,1086586 0,3201295
0,1289986 -0,1086214 0,3202986
0,1305426 -0,1084126 0,3203769
0,1305426 -0,1084126 0,3203769
0,1310888 -0,1084575 0,3207756
0,1317092 -0,1084785 0,3207713
0,1322227 -0,1085606 0,3207157
0,1330762 -0,1082481 0,3205875
0,1339318 -0,1078591 0,3203483
0,1339318 -0,1078591 0,3203483
0,135241 -0,1068779 0,3199329
0,1361793 -0,1060438 0,3198612
0,1368117 -0,1055366 0,3197823
0,1371552 -0,1052952 0,319806
0,136989 -0,105502 0,3199759
0,136989 -0,105502 0,3199759
0,1371225 -0,105585 0,3197087
0,1373108 -0,105532 0,3195257
0,1373938 -0,1056062 0,319495
0,1373185 -0,1057837 0,319496
0,1373187 -0,1059549 0,319491
0,1373187 -0,1059549 0,319491
0,1373936 -0,1061322 0,3193424
0,1374494 -0,1063031 0,3192948
0,1373795 -0,1066545 0,3191776
0,1372823 -0,1069754 0,3191466
0,1372505 -0,1071643 0,3190383
0,1372505 -0,1071643 0,3190383
0,1371288 -0,107379 0,3188796
0,1372142 -0,1074377 0,3186915
0,1373335 -0,1074451 0,3185235
0,1374362 -0,1075345 0,3183178
0,1372977 -0,1079908 0,31814
0,1372977 -0,1079908 0,31814
0,1373551 -0,1081814 0,3180116
0,137236 -0,1086237 0,3178755
0,1373732 -0,1089457 0,3178263
0,1374589 -0,1092565 0,3178645
0,1375702 -0,1094337 0,3179476
0,1375702 -0,1094337 0,3179476
0,1374729 -0,1096254 0,3180043
0,1372913 -0,1099342 0,317987
0,1369755 -0,1103251 0,3179586
0,1365065 -0,1110299 0,3179481
0,1365065 -0,1110299 0,3179481
0,1360258 -0,1116025 0,3178777
0,135647 -0,1119765 0,3177644
0,1351706 -0,1123259 0,3176617
0,1349179 -0,1124798 0,3175245
0,134737 -0,1125472 0,3174697
0,134737 -0,1125472 0,3174697
0,1347295 -0,1126842 0,3174641
