0,03242943 -0,1169994 0,2393228
0,0323832 -0,1172233 0,2393609
0,03239523 -0,1172151 0,2393736
0,03235932 -0,1172412 0,2393719
0,03236061 -0,117258 0,2394074
0,03217094 -0,1172793 0,2393362
0,03217094 -0,1172793 0,2393362
0,0321472 -0,116937 0,2393962
0,03207307 -0,1165432 0,2394109
0,03205805 -0,1158747 0,2394997
0,03214839 -0,115108 0,239597
0,0322668 -0,1138071 0,2396472
0,0322668 -0,1138071 0,2396472
0,03235529 -0,1123863 0,2397534
0,03243363 -0,1110642 0,2401373
0,03258995 -0,1094015 0,240576
0,03264283 -0,1076239 0,2410321
0,03250406 -0,1060148 0,2416084
0,03250406 -0,1060148 0,2416084
0,03139894 -0,1059797 0,2427107
0,03006609 -0,1057651 0,2435065
0,02764104 -0,1059747 0,2443573
0,02443795 -0,1085174 0,2443084
0,02057807 -0,1124239 0,2438793
0,02057807 -0,1124239 0,2438793
0,01416126 -0,1194211 0,2419861
0,007376651 -0,125182 0,2401473
-0,001461576 -0,1321697 0,2362673
-0,01071639 -0,1414613 0,2334301
-0,01071639 -0,1414613 0,2334301
-0,02113511 -0,1527846 0,2295733
-0,03271485 -0,1635322 0,2259798
-0,04444957 -0,1741516 0,2228452
-0,05551122 -0,1839776 0,216512
-0,06901813 -0,1874482 0,2091302
-0,06901813 -0,1874482 0,2091302
-0,07672134 -0,1875985 0,195485
-0,08566432 -0,1835786 0,1843099
-0,09798724 -0,1759713 0,1814877
-0,1035451 -0,16501 0,1772999
-0,1102223 -0,150217 0,1703024
-0,1102223 -0,150217 0,1703024
-0,1126372 -0,1301773 0,1707046
-0,1135622 -0,1125923 0,1716627
-0,1121002 -0,1009245 0,1727566
-0,1026065 -0,08696839 0,179431
-0,09891779 -0,07550678 0,1831173
-0,09891779 -0,07550678 0,1831173
-0,08943297 -0,07071102 0,1879563
-0,08141421 -0,06312473 0,1913102
-0,07377511 -0,05707005 0,1946004
-0,06467219 -0,05375271 0,1971785
-0,05566669 -0,05648328 0,2005447
-0,05566669 -0,05648328 0,2005447
-0,04822886 -0,06469598 0,2058558
-0,03976945 -0,07341397 0,2130471
-0,02964543 -0,08697049 0,2165059
-0,01943388 -0,09980926 0,2198798
-0,008967739 -0,1168238 0,2245679
-0,008967739 -0,1168238 0,2245679
0,002953348 -0,1346617 0,2279352
0,01464239 -0,1469162 0,2330176
0,02657554 -0,1596477 0,2382547
0,03688124 -0,1673184 0,2442412
0,05321521 -0,1732963 0,2410276
0,05321521 -0,1732963 0,2410276
0,06436236 -0,1707225 0,2340051
0,07280586 -0,1730923 0,2351071
0,08096613 -0,1730783 0,2358273
0,08881652 -0,169267 0,2353991
0,08881652 -0,169267 0,2353991
0,09198131 -0,1627658 0,2346244
0,09568128 -0,157452 0,2338049
0,09871022 -0,152702 0,2328058
0,09936941 -0,148826 0,2323881
0,1002781 -0,1447787 0,2316635
0,1002781 -0,1447787 0,2316635
0,0997389 -0,1427569 0,2314498
0,09946281 -0,1403474 0,2313954
0,09839542 -0,1389907 0,2309365
0,09708453 -0,1378812 0,2306029
0,09518939 -0,1376413 0,2303356
0,09518939 -0,1376413 0,2303356
0,09319445 -0,1379907 0,2290844
0,09120568 -0,1379081 0,2279591
0,08862257 -0,1383442 0,2271682
0,08651787 -0,1386797 0,2260029
0,08424687 -0,1389677 0,2252772
0,08424687 -0,1389677 0,2252772
0,08231479 -0,1396279 0,2237779
0,07996267 -0,1402005 0,2234615
0,0783247 -0,1405215 0,2225161
0,07678304 -0,140828 0,2218184
0,07678304 -0,140828 0,2218184
0,07557649 -0,1410657 0,2214448
0,07457592 -0,1411377 0,2210463
0,07372912 -0,1413288 0,2207231
0,07314131 -0,1417075 0,2208258
0,07285943 -0,1416922 0,2207538
0,07285943 -0,1416922 0,2207538
0,07274414 -0,1415371 0,2209644
0,07269458 -0,1412746 0,2210261
0,07278544 -0,1410373 0,2209704
0,07283887 -0,1409179 0,2210323
0,07286191 -0,1409627 0,2211197
0,07286191 -0,1409627 0,2211197
0,07291864 -0,1409308 0,2211341
0,07296159 -0,1408337 0,2210808
0,07288229 -0,1410885 0,2211729
0,07297199 -0,1410198 0,2211422
0,07320812 -0,1411238 0,2210997
0,07320812 -0,1411238 0,2210997
0,07351422 -0,1411806 0,2210022
0,07379528 -0,1412589 0,2208548
0,07399185 -0,1414628 0,2207911
0,07420699 -0,1416614 0,2206477
0,07431813 -0,1418924 0,220457
0,07431813 -0,1418924 0,220457
0,07421273 -0,1423301 0,2204099
0,0741746 -0,1427138 0,2202536
0,0741851 -0,1430497 0,2201176
0,07412133 -0,1434522 0,2199893
0,07422965 -0,1436079 0,2198845
0,07422965 -0,1436079 0,2198845
0,07424989 -0,143861 0,2200362
0,07438883 -0,1440747 0,2200772
0,07447695 -0,1442043 0,220221
0,07466121 -0,144243 0,2202715
0,07466121 -0,144243 0,2202715
0,07475182 -0,1442984 0,220326
0,07492656 -0,1442999 0,2203971
0,07502171 -0,1445069 0,2204871
0,0751824 -0,1446532 0,2204902
0,07530098 -0,1448099 0,2205069
0,07530098 -0,1448099 0,2205069
0,07542246 -0,144981 0,2204117
0,07551423 -0,1451957 0,2203089
0,0755345 -0,1454579 0,2201119
0,07557479 -0,1456952 0,2199107
0,07561024 -0,1460054 0,2197859
0,07561024 -0,1460054 0,2197859
0,07578158 -0,146489 0,2196222
0,07591446 -0,1470324 0,2195657
0,07602115 -0,1476032 0,2195939
0,0761544 -0,1480849 0,2196189
0,07639248 -0,1484137 0,2195727
0,07639248 -0,1484137 0,2195727
0,07687309 -0,1484262 0,2195057
0,07736789 -0,1483795 0,2194478
0,07777416 -0,1483966 0,2194437
