0,2188599 -0,1090159 0,2098059
0,218892 -0,1089808 0,2102093
0,218892 -0,1089808 0,2102093
0,2188356 -0,1083324 0,2108701
0,2186627 -0,1073091 0,2115753
0,2180017 -0,1048237 0,2127567
0,2166281 -0,1019428 0,2143434
0,2166281 -0,1019428 0,2143434
0,2132542 -0,09683684 0,2168964
0,2092152 -0,09133437 0,2199503
0,2043827 -0,08594632 0,2228088
0,1970355 -0,08161592 0,225314
0,1892037 -0,07784453 0,2276156
0,1892037 -0,07784453 0,2276156
0,1796763 -0,07516032 0,2300666
0,1691847 -0,07107653 0,232706
0,1600533 -0,07009819 0,2351315
0,1502084 -0,06830856 0,236234
0,1412843 -0,06679088 0,2360353
0,1412843 -0,06679088 0,2360353
0,1308449 -0,06693153 0,2360961
0,1196797 -0,06780796 0,2362976
0,1074706 -0,07117012 0,2368097
0,09457942 -0,07728493 0,2370558
0,08154321 -0,08318479 0,2369437
0,08154321 -0,08318479 0,2369437
0,0667309 -0,09231253 0,2365699
0,05249656 -0,1000792 0,2334117
0,0383503 -0,1074274 0,2288151
0,02352451 -0,1168484 0,2265423
0,006412635 -0,1261525 0,2214895
0,006412635 -0,1261525 0,2214895
-0,009427249 -0,1326165 0,2184425
-0,02720213 -0,1399462 0,2138266
-0,04468115 -0,1465382 0,2106722
-0,05910022 -0,150406 0,2061507
-0,07329812 -0,1530115 0,2012699
-0,07329812 -0,1530115 0,2012699
-0,08632917 -0,1435135 0,1851567
-0,09946144 -0,1368633 0,1786558
-0,1102471 -0,128332 0,1761056
-0,1200701 -0,1152186 0,1731828
-0,1200701 -0,1152186 0,1731828
-0,1262651 -0,1000764 0,1727533
-0,1302423 -0,08457775 0,1720071
-0,1273171 -0,07231019 0,1722544
-0,1244435 -0,05945489 0,1731335
-0,1163218 -0,05052012 0,1761351
-0,1163218 -0,05052012 0,1761351
-0,1087661 -0,03993902 0,1779515
-0,1003502 -0,03233129 0,1823706
-0,09049322 -0,02746679 0,186486
-0,07896958 -0,02599956 0,1907743
-0,0670943 -0,02754346 0,1965838
-0,0670943 -0,02754346 0,1965838
-0,05550446 -0,03256781 0,201078
-0,04289251 -0,04122211 0,2064641
-0,03044315 -0,0504133 0,2116694
-0,01840097 -0,06258509 0,217999
-0,004051959 -0,07750359 0,2192845
-0,004051959 -0,07750359 0,2192845
0,009276357 -0,09411296 0,2226025
0,02400533 -0,109689 0,2235249
0,03917297 -0,1231633 0,2244607
0,05399472 -0,1353803 0,2249334
0,06764863 -0,145358 0,2279311
0,06764863 -0,145358 0,2279311
0,08425385 -0,1534499 0,2234147
0,1007821 -0,1597788 0,2206019
0,1160857 -0,162445 0,218082
0,1286605 -0,1620449 0,2164793
0,1286605 -0,1620449 0,2164793
0,1398296 -0,1581977 0,2168253
0,1526058 -0,1527616 0,2155211
0,1636101 -0,1456606 0,2137224
0,1748145 -0,1388074 0,2121303
0,183039 -0,1309127 0,2098065
0,183039 -0,1309127 0,2098065
0,1870768 -0,1243092 0,2086792
0,191389 -0,1179719 0,2078666
0,1946809 -0,1127503 0,2070166
0,1959282 -0,1091503 0,2065402
0,1975303 -0,1054687 0,2056428
0,1975303 -0,1054687 0,2056428
0,1977248 -0,1036679 0,2052208
0,1976655 -0,1020708 0,2048632
0,1974332 -0,1012435 0,2042527
0,1971687 -0,1005762 0,2037495
0,196243 -0,1009365 0,2032381
0,196243 -0,1009365 0,2032381
0,1950253 -0,1017856 0,2028386
0,1940209 -0,1023968 0,2023349
0,1930391 -0,1029939 0,2018431
0,1924477 -0,1035258 0,2011042
0,1910298 -0,1044835 0,2002266
0,1910298 -0,1044835 0,2002266
0,1897156 -0,1055482 0,2001871
0,1886256 -0,1063927 0,1999379
0,1875556 -0,107156 0,1996481
0,1865418 -0,1080187 0,1994061
0,1855741 -0,1088222 0,1993203
0,1855741 -0,1088222 0,1993203
0,1848264 -0,1095071 0,1991458
0,1841012 -0,1100813 0,1989152
0,1834042 -0,1105862 0,1989423
0,182935 -0,1110046 0,1988421
0,182935 -0,1110046 0,1988421
0,1827254 -0,1112378 0,1987095
0,1827804 -0,1113195 0,1986992
0,1827029 -0,1115535 0,1986861
0,1829138 -0,1115475 0,1986086
0,1830141 -0,1117626 0,1985822
0,1830141 -0,1117626 0,1985822
0,1832576 -0,1122003 0,198579
0,1835511 -0,1124556 0,1986392
0,183945 -0,1125648 0,1989761
0,1845727 -0,1124088 0,1990558
0,1854398 -0,1120021 0,1989199
0,1854398 -0,1120021 0,1989199
0,1862243 -0,1118284 0,1988696
0,1869893 -0,111682 0,198638
0,1876387 -0,1116905 0,1985734
0,1879724 -0,1119646 0,1985449
0,1882699 -0,1123022 0,1985686
0,1882699 -0,1123022 0,1985686
0,1884783 -0,1126085 0,1984803
0,1888163 -0,1128097 0,1983046
0,1892068 -0,1129618 0,1981408
0,1896014 -0,1130898 0,1979159
0,1897959 -0,113403 0,1976886
0,1897959 -0,113403 0,1976886
0,1896885 -0,1135845 0,1975136
0,1895947 -0,1138147 0,1973581
