0,02674806 -0,1816959 0,2208171
0,02577455 -0,1814487 0,2219004
0,02577455 -0,1814487 0,2219004
0,02456376 -0,1792929 0,2234873
0,02356957 -0,1764746 0,2255381
0,02273939 -0,1691196 0,2281709
0,02220469 -0,1605961 0,2298104
0,02220469 -0,1605961 0,2298104
0,02169645 -0,1445519 0,2331171
0,02077272 -0,125733 0,2373496
0,01987986 -0,1064147 0,2418174
0,01849622 -0,08213054 0,248425
0,01705752 -0,05610532 0,252651
0,01705752 -0,05610532 0,252651
0,01883216 -0,02855501 0,2511009
0,01967414 2,628565E-05 0,2516073
0,02099016 0,02594858 0,2497919
0,02236782 0,05465761 0,2470611
0,02313506 0,07786641 0,2460876
0,02313506 0,07786641 0,2460876
0,02422268 0,1012198 0,2403554
0,02520154 0,1205509 0,2364489
0,02456921 0,1383342 0,2325343
0,02477373 0,1549793 0,2274071
0,0237698 0,1659368 0,225039
0,0237698 0,1659368 0,225039
0,02359011 0,1733531 0,2212183
0,02322362 0,1781713 0,2186459
0,02282907 0,1796675 0,2162571
0,0222618 0,1860176 0,2151042
0,02130938 0,1847778 0,2148554
0,02130938 0,1847778 0,2148554
0,02118137 0,1901309 0,2152446
0,02055305 0,1928802 0,2152935
0,02002514 0,1934449 0,2162686
0,01898748 0,1948978 0,2181021
0,01898748 0,1948978 0,2181021
0,01893732 0,1918986 0,2184968
0,01844797 0,1890499 0,2196647
0,01778732 0,1876609 0,2204759
0,01722215 0,1868338 0,2213191
0,01661013 0,1861603 0,2219875
0,01661013 0,1861603 0,2219875
0,01610693 0,1851191 0,2225731
0,01571041 0,1831258 0,2233243
0,01517023 0,181949 0,2239161
0,01524318 0,1828937 0,2236314
0,0149748 0,1811999 0,22426
0,0149748 0,1811999 0,22426
0,01477527 0,1817521 0,2246718
0,01507226 0,1824949 0,2244909
0,01487269 0,1823776 0,2249868
0,01499218 0,1827965 0,2255281
0,01532447 0,1829351 0,2258313
0,01532447 0,1829351 0,2258313
0,01541495 0,1829863 0,2261952
0,01544048 0,1825179 0,2264326
0,01547183 0,1816052 0,2267574
0,01561472 0,1821097 0,2267766
0,01566102 0,1815244 0,2270217
0,01566102 0,1815244 0,2270217
0,01576935 0,1807045 0,2272425
0,01573538 0,1800279 0,2276288
0,01591075 0,1791698 0,2278558
0,01624841 0,1789934 0,2281163
0,01622752 0,1786387 0,2282932
