0,1669573 -0,1380855 0,2296796
0,1682128 -0,1382284 0,2307591
0,1695386 -0,1369658 0,2322798
0,1711669 -0,1346932 0,2337748
0,1731388 -0,1311726 0,2352967
0,1731388 -0,1311726 0,2352967
0,1750614 -0,121442 0,2370386
0,1766841 -0,1113265 0,23884
0,1777127 -0,1001838 0,2403438
0,1757897 -0,08830765 0,2428713
0,1728636 -0,07776693 0,2450413
0,1728636 -0,07776693 0,2450413
0,1655383 -0,06983063 0,2485881
0,1593962 -0,06097448 0,2514007
0,153381 -0,05184764 0,2531176
0,1457807 -0,04480046 0,254222
0,1372072 -0,04012918 0,2553677
0,1372072 -0,04012918 0,2553677
0,1252085 -0,04194728 0,2581125
0,1132311 -0,0438931 0,2601608
0,1019888 -0,04632425 0,2615844
0,08980662 -0,05116421 0,261407
0,07672974 -0,05813429 0,2614178
0,07672974 -0,05813429 0,2614178
0,06019809 -0,0737049 0,2608187
0,04461845 -0,08770406 0,2591328
0,02828749 -0,1021012 0,2576911
0,01163983 -0,1163373 0,2545446
-0,004298708 -0,1301548 0,2484473
-0,004298708 -0,1301548 0,2484473
-0,02006244 -0,1418645 0,2424586
-0,0373042 -0,1536409 0,2383815
-0,05202271 -0,1640263 0,2330237
-0,06820239 -0,1725416 0,229243
-0,08232625 -0,171752 0,2247275
-0,08232625 -0,171752 0,2247275
-0,09547418 -0,1654255 0,215397
-0,1052254 -0,1600839 0,2077956
-0,1179585 -0,1464438 0,204798
-0,1251965 -0,1342125 0,2049047
-0,1251965 -0,1342125 0,2049047
-0,128962 -0,1169234 0,2060202
-0,1297755 -0,09799178 0,2067868
-0,1276881 -0,08294427 0,209795
-0,1196905 -0,06880492 0,2119563
-0,1112211 -0,05642408 0,2151143
-0,1112211 -0,05642408 0,2151143
-0,1027882 -0,04466248 0,2199937
-0,09218989 -0,03585389 0,2248199
-0,08121976 -0,03040907 0,2301346
-0,06831037 -0,0294293 0,2341904
-0,0557881 -0,0308378 0,2386416
-0,0557881 -0,0308378 0,2386416
-0,04347866 -0,03813159 0,2430619
-0,03064237 -0,04777554 0,2465827
-0,01792188 -0,0595464 0,2493238
-0,00478826 -0,07488355 0,2517799
0,00810889 -0,09010983 0,2538739
0,00810889 -0,09010983 0,2538739
0,02078123 -0,1086588 0,2543258
0,03423339 -0,1260991 0,2563987
0,04956077 -0,1401401 0,2561222
0,06619376 -0,1528037 0,257262
0,08266094 -0,1605351 0,2494426
0,08266094 -0,1605351 0,2494426
0,0974021 -0,1665366 0,2477024
0,1117354 -0,1686801 0,2452653
0,1252926 -0,165209 0,2472471
0,1384156 -0,1588461 0,2464458
0,1384156 -0,1588461 0,2464458
0,151304 -0,1449981 0,2450885
0,1621566 -0,1321702 0,2429225
0,1709896 -0,1203249 0,2407731
0,1757538 -0,1089929 0,2402909
0,1806071 -0,09802152 0,2381007
0,1806071 -0,09802152 0,2381007
0,1811055 -0,09076923 0,2375506
0,1820001 -0,08392778 0,2367802
0,1826839 -0,07830964 0,2361204
0,1827529 -0,07448392 0,2354008
0,1832037 -0,07011437 0,2356527
0,1832037 -0,07011437 0,2356527
0,182719 -0,07020645 0,2347088
0,1827267 -0,06944588 0,2338731
0,1826251 -0,06930822 0,2332441
0,182268 -0,06963348 0,2329133
0,1816616 -0,07071647 0,2326493
0,1816616 -0,07071647 0,2326493
0,1812624 -0,07283293 0,2321412
0,1814808 -0,07371838 0,231329
0,1816694 -0,07478856 0,2307944
0,1820736 -0,07545039 0,2301224
0,1820796 -0,07632741 0,2297322
0,1820796 -0,07632741 0,2297322
0,1816053 -0,07743332 0,2295586
0,1813849 -0,07844387 0,229222
0,1808573 -0,07967722 0,2291479
0,1802307 -0,08100352 0,2291193
0,1796634 -0,08179471 0,2291775
0,1796634 -0,08179471 0,2291775
0,1794053 -0,082176 0,2293546
0,1790929 -0,08266807 0,2294005
0,1790358 -0,08288522 0,2294482
0,1791158 -0,08295658 0,2294664
0,179339 -0,08281682 0,2293771
0,179339 -0,08281682 0,2293771
0,1796225 -0,0827404 0,2292653
0,1799477 -0,08259042 0,2290918
0,1801973 -0,08260196 0,2289902
0,1806561 -0,08246431 0,2287154
