0,03616764 -0,1631327 0,2174701
0,03688718 -0,1579139 0,2153366
0,03688718 -0,1579139 0,2153366
0,03737556 -0,1537389 0,2137174
0,03772886 -0,1485848 0,2116955
0,03802429 -0,1442884 0,2097317
0,03804795 -0,1402935 0,2072207
0,0379144 -0,1366949 0,2051886
0,0379144 -0,1366949 0,2051886
0,03763388 -0,1344658 0,2035532
0,03686577 -0,132356 0,2015652
0,03589349 -0,1317339 0,2003743
0,03467775 -0,1331703 0,199693
0,03467775 -0,1331703 0,199693
0,03341159 -0,1362104 0,2002384
0,0320212 -0,1407855 0,2013329
0,0298101 -0,1473026 0,2046466
0,02745892 -0,1549889 0,208489
0,0243368 -0,1641323 0,2142641
0,0243368 -0,1641323 0,2142641
0,0200662 -0,1723257 0,2216083
0,01583897 -0,1783327 0,2285528
0,01090343 -0,1797262 0,23825
0,005232809 -0,1713706 0,2478726
-0,0002173997 -0,1595507 0,2569925
-0,0002173997 -0,1595507 0,2569925
-0,003933554 -0,1293991 0,2666306
-0,006621719 -0,0947414 0,2722972
-0,00817808 -0,05709231 0,2748971
-0,008877874 -0,01680803 0,2741332
-0,007159178 0,0230705 0,2700052
-0,007159178 0,0230705 0,2700052
-0,005024848 0,05706748 0,2603514
-0,003996315 0,08765638 0,2562761
-0,001401982 0,1177242 0,2467761
-0,0002256269 0,1492406 0,2393504
0,00191124 0,1842742 0,228843
0,00191124 0,1842742 0,228843
0,002044223 0,1943435 0,2254516
0,002853404 0,2094729 0,218605
0,004048043 0,2169834 0,2148128
0,003971144 0,2257604 0,2117721
0,004845828 0,230067 0,2071787
0,004845828 0,230067 0,2071787
0,004827678 0,2341899 0,2059952
0,004529127 0,2370314 0,2039547
0,003170085 0,2395413 0,203051
0,002944334 0,2420973 0,2023946
0,002944334 0,2420973 0,2023946
0,002266333 0,2406058 0,2029355
0,001445725 0,2385112 0,2034334
0,001095509 0,2356558 0,2042059
0,000518988 0,2361903 0,2045459
5,826788E-05 0,2345207 0,2055601
5,826788E-05 0,2345207 0,2055601
-0,0004115538 0,2317248 0,206615
-0,0008333065 0,2298073 0,2080401
-0,001350914 0,2292911 0,2090912
-0,001200893 0,2267712 0,2102042
-0,001311602 0,2272589 0,2110299
-0,001311602 0,2272589 0,2110299
-0,00094072 0,2245998 0,2121406
-0,0009072551 0,2246601 0,2123533
-0,0005746532 0,2241098 0,2127932
-0,0002969113 0,2227836 0,2133685
-0,000305419 0,2210737 0,2142648
-0,000305419 0,2210737 0,2142648
-0,0002955538 0,2185874 0,2147014
-0,0002686975 0,2167356 0,2151643
-0,0002167055 0,214724 0,2159171
-3,352088E-05 0,2157613 0,2159921
5,742072E-05 0,2183136 0,2164124
5,742072E-05 0,2183136 0,2164124
0,0001551312 0,2175535 0,2170781
0,000242867 0,2181891 0,2171688
0,0005772458 0,2177571 0,2176699
0,0004630133 0,2159319 0,2179461
0,0007182087 0,2136121 0,2185079
0,0007182087 0,2136121 0,2185079
0,0008393179 0,2156016 0,2188185
0,0009534184 0,2154634 0,2196164
0,00109096 0,2143605 0,2202269
0,001802117 0,2134071 0,2205074
0,001802117 0,2134071 0,2205074
0,001402645 0,2105724 0,221237
0,001340238 0,2074373 0,2219183
