0,1079709 -0,115968 0,2492264
0,1079709 -0,115968 0,2492264
0,1054583 -0,1061373 0,2502393
0,1025535 -0,09613985 0,2512281
0,09916184 -0,08742538 0,2517945
0,09431507 -0,0794349 0,251954
0,08819609 -0,07239679 0,2526494
0,08819609 -0,07239679 0,2526494
0,08118685 -0,06566119 0,2537479
0,07384871 -0,05916989 0,2544767
0,06539357 -0,05600357 0,254458
0,05560686 -0,05395931 0,2540853
0,05560686 -0,05395931 0,2540853
0,04512686 -0,05655798 0,2541628
0,03375399 -0,06091359 0,2539389
0,02223755 -0,06538922 0,2533734
0,009723186 -0,07188728 0,2533982
-0,003178422 -0,08122939 0,252096
-0,003178422 -0,08122939 0,252096
-0,01562188 -0,09411672 0,248086
-0,0285114 -0,1067376 0,2437794
-0,04320142 -0,1198757 0,236629
-0,05613102 -0,1331762 0,2312932
-0,06893543 -0,143928 0,2241622
-0,06893543 -0,143928 0,2241622
-0,08096594 -0,153252 0,2187333
-0,09406433 -0,1606341 0,2125979
-0,1076291 -0,1645856 0,2071477
-0,1169602 -0,1633037 0,1942227
-0,1270871 -0,1591046 0,1863363
-0,1270871 -0,1591046 0,1863363
-0,1360216 -0,1479825 0,1851087
-0,1446961 -0,1371388 0,1871055
-0,1531165 -0,1212748 0,1870655
-0,1537438 -0,1035258 0,1857189
-0,1564228 -0,08655317 0,1885428
-0,1564228 -0,08655317 0,1885428
-0,1472285 -0,07375167 0,1912552
-0,1407463 -0,059659 0,1935371
-0,1326445 -0,04837154 0,1990172
-0,122068 -0,04084259 0,2036678
-0,122068 -0,04084259 0,2036678
-0,1127346 -0,03395019 0,2091997
-0,1016605 -0,03058381 0,2141807
-0,09109975 -0,02945848 0,2197695
-0,08031778 -0,0310761 0,2261162
-0,06897104 -0,03869833 0,2316283
-0,06897104 -0,03869833 0,2316283
-0,0573015 -0,05057272 0,2357463
-0,04594138 -0,06194958 0,239983
-0,03604286 -0,07614759 0,2456861
-0,02504033 -0,09151149 0,2501132
-0,01408581 -0,1075758 0,2531278
-0,01408581 -0,1075758 0,2531278
-0,00296156 -0,1220092 0,2551871
0,009918408 -0,1383351 0,2578897
0,02173869 -0,1531394 0,2613148
0,03612858 -0,1639565 0,2597652
0,05148534 -0,1704063 0,2527887
0,05148534 -0,1704063 0,2527887
0,06183652 -0,173909 0,253248
0,07349785 -0,1752007 0,2517606
0,08448723 -0,175273 0,2519245
0,09471058 -0,1713959 0,2505694
0,1030212 -0,1623354 0,253448
0,1030212 -0,1623354 0,253448
0,1113922 -0,1487904 0,2535644
0,1188613 -0,1365686 0,253738
0,1230637 -0,1256689 0,2552435
0,1263362 -0,1150399 0,2552183
0,1281183 -0,1047269 0,256197
0,1281183 -0,1047269 0,256197
0,1304142 -0,09401309 0,2553116
0,1321875 -0,08451989 0,2557197
0,1327592 -0,07872298 0,2556611
0,13219 -0,0758929 0,2563877
0,13219 -0,0758929 0,2563877
0,1328103 -0,0732305 0,2559013
0,1327255 -0,07137263 0,2559161
0,132028 -0,07139072 0,2561125
0,1311589 -0,07308036 0,255933
0,1303917 -0,07425943 0,2559625
0,1303917 -0,07425943 0,2559625
0,1300094 -0,07555172 0,2557224
0,1296828 -0,0766708 0,2552913
0,1292705 -0,07791924 0,2548634
0,1287126 -0,07946935 0,2545263
0,1279993 -0,08143261 0,2544076
0,1279993 -0,08143261 0,2544076
0,127046 -0,08339605 0,2547936
0,1264941 -0,08474264 0,2548391
0,1257122 -0,08609867 0,2547053
0,1252022 -0,08681995 0,2545575
0,1252446 -0,08618796 0,2545134
0,1252446 -0,08618796 0,2545134
0,1244282 -0,0867894 0,2545902
0,1236169 -0,08697793 0,2549817
0,1229676 -0,08714637 0,2551025
0,1224828 -0,08676207 0,2552366
0,1219898 -0,08654359 0,2553062
0,1219898 -0,08654359 0,2553062
0,1214833 -0,08651048 0,2554234
0,1207131 -0,08704999 0,2556832
0,120087 -0,08732295 0,2558397
0,1195204 -0,0876514 0,2561972
0,1193504 -0,08746788 0,2561229
0,1193504 -0,08746788 0,2561229
0,1191397 -0,08766708 0,256315
0,1190148 -0,08767048 0,2564406
0,1189726 -0,08772513 0,256373
0,1190399 -0,08777842 0,2563737
0,1190399 -0,08777842 0,2563737
0,1190377 -0,08795822 0,2563351
0,1190958 -0,0881134 0,2562937
0,1191523 -0,08829325 0,2562119
0,119296 -0,08838931 0,2560476
0,1195848 -0,08837268 0,2558046
0,1195848 -0,08837268 0,2558046
0,1199032 -0,08826509 0,2557146
0,1202351 -0,08819041 0,2556029
0,1205039 -0,08819768 0,2556424
0,1207852 -0,08822089 0,2555189
0,121036 -0,08829245 0,2555141
0,121036 -0,08829245 0,2555141
0,1213149 -0,08825386 0,2555577
0,121489 -0,08822858 0,2556893
0,1215768 -0,08826044 0,2558176
0,1215825 -0,08842435 0,2558263
0,1214861 -0,08867025 0,2558829
0,1214861 -0,08867025 0,2558829
0,1214227 -0,08871463 0,2559464
0,1213465 -0,08880877 0,255976
0,1213192 -0,08881283 0,2560046
0,1212924 -0,08891168 0,2560258
0,1211692 -0,08902994 0,2560808
0,1211692 -0,08902994 0,2560808
0,1211684 -0,08897924 0,2561055
0,1210878 -0,08895361 0,2561058
0,1209326 -0,08908501 0,2560779
0,1209342 -0,08898774 0,2561052
0,1209342 -0,08898774 0,2561052
0,1208785 -0,08908784 0,2561358
0,1207947 -0,08917665 0,2561125
0,1207136 -0,08920392 0,2560316
0,1205838 -0,08934611 0,2559578
0,1204554 -0,08948749 0,2560047
0,1203413 -0,08964145 0,2560462
0,1203413 -0,08964145 0,2560462
