0,1634123 -0,1199576 0,1733254
0,1641258 -0,1151184 0,1755011
0,1641258 -0,1151184 0,1755011
0,1643738 -0,1082866 0,1777795
0,1638596 -0,1004802 0,1811058
0,1628583 -0,09159842 0,1843047
0,1598733 -0,08258045 0,1875163
0,1561204 -0,07394418 0,1901124
0,1561204 -0,07394418 0,1901124
0,1491347 -0,06855622 0,1934758
0,1420637 -0,06258669 0,1976057
0,1354738 -0,0565328 0,2003043
0,1271995 -0,05176704 0,2026964
0,119269 -0,04791509 0,2048252
0,119269 -0,04791509 0,2048252
0,1083692 -0,0498655 0,2066678
0,09707131 -0,05205134 0,2081339
0,08501501 -0,05627424 0,208313
0,07284829 -0,06266297 0,2093486
0,05914705 -0,07354686 0,2089772
0,05914705 -0,07354686 0,2089772
0,04543383 -0,08229604 0,2084685
0,03086695 -0,09316504 0,207116
0,01694031 -0,103215 0,2026525
0,001468179 -0,1169483 0,1964992
-0,0133114 -0,1305415 0,1935328
-0,0133114 -0,1305415 0,1935328
-0,03045779 -0,1417806 0,1891344
-0,04457287 -0,1512867 0,1829395
-0,05950508 -0,1602381 0,1797008
-0,07690246 -0,1647444 0,1749194
-0,09067565 -0,1634568 0,1595287
-0,09067565 -0,1634568 0,1595287
-0,09658222 -0,1531389 0,1493002
-0,1094134 -0,1415518 0,1432414
-0,122047 -0,1281341 0,1440178
-0,1315887 -0,1133081 0,1426366
-0,1315887 -0,1133081 0,1426366
-0,134244 -0,0926379 0,1415808
-0,1324893 -0,07579868 0,1412436
-0,1292018 -0,06409563 0,1479946
-0,1255368 -0,04712027 0,1480651
-0,1183689 -0,03613716 0,1544897
-0,1183689 -0,03613716 0,1544897
-0,1082919 -0,02966015 0,1597123
-0,09749937 -0,02307989 0,1639043
-0,08610269 -0,02063818 0,1678058
-0,07425315 -0,02031265 0,1720105
-0,06236302 -0,02338797 0,1767685
-0,06236302 -0,02338797 0,1767685
-0,05150665 -0,03170522 0,1811505
-0,04083712 -0,0403858 0,1853244
-0,03036119 -0,05074444 0,189367
-0,01714293 -0,06586677 0,1913373
-0,005469448 -0,07844713 0,1931134
-0,005469448 -0,07844713 0,1931134
0,0117792 -0,1008662 0,1904507
0,02600888 -0,1179545 0,1918389
0,04221002 -0,1294198 0,1834869
0,05684755 -0,1432607 0,1855671
0,07055106 -0,1555955 0,1924961
0,07055106 -0,1555955 0,1924961
0,08610754 -0,1590898 0,190548
0,1043742 -0,1605177 0,1836989
0,1175509 -0,1570011 0,1813269
0,1289869 -0,1530647 0,180579
0,1289869 -0,1530647 0,180579
0,1381816 -0,1416818 0,1800732
0,1475976 -0,1309697 0,1800217
0,1538043 -0,118578 0,1799219
0,1586515 -0,1064013 0,179692
0,1595239 -0,09597638 0,1790793
0,1595239 -0,09597638 0,1790793
0,159133 -0,08807945 0,1772574
0,1587589 -0,07997489 0,1758922
0,1579826 -0,07327947 0,1741906
0,1567358 -0,06924289 0,1729108
0,1548588 -0,06700911 0,1725079
0,1548588 -0,06700911 0,1725079
0,1537227 -0,06669253 0,1725391
0,1529498 -0,06631973 0,1726914
0,1523056 -0,06641226 0,1729598
0,1522256 -0,06711383 0,1734006
0,1523914 -0,06744482 0,173381
0,1523914 -0,06744482 0,173381
0,1521735 -0,069144 0,1740264
0,1522336 -0,0703478 0,1744138
0,1522949 -0,07147284 0,1744844
0,1521846 -0,0726264 0,1747483
0,1519287 -0,07401717 0,1747934
0,1519287 -0,07401717 0,1747934
0,1526897 -0,07363854 0,1735716
0,1529799 -0,07380269 0,1730575
0,153166 -0,0739101 0,1726841
0,1529607 -0,07451943 0,1723769
0,1530827 -0,07468727 0,1720917
0,1530827 -0,07468727 0,1720917
0,1531111 -0,07497558 0,1719877
0,1532596 -0,07515986 0,1718754
0,1533423 -0,07547534 0,1718198
0,1534905 -0,07566391 0,1719149
0,1534905 -0,07566391 0,1719149
0,1536032 -0,07589687 0,1718992
0,1536964 -0,07612115 0,1718877
0,1536676 -0,07639384 0,1719946
0,1536349 -0,07678901 0,1719128
0,1537085 -0,07713415 0,1718137
