0,03789577 -0,1298285 0,2587049
0,03776404 -0,1300842 0,2586097
0,0376006 -0,1304465 0,2585091
0,03724629 -0,1311179 0,2585235
0,03724629 -0,1311179 0,2585235
0,03739737 -0,1312092 0,2586232
0,03737753 -0,1313354 0,2586963
0,03737693 -0,1315812 0,258764
0,03753152 -0,1317196 0,2587438
0,03783207 -0,1320305 0,258758
0,03783207 -0,1320305 0,258758
0,03844809 -0,1329608 0,2587103
0,03938487 -0,1342654 0,258807
0,04087233 -0,1356109 0,2591966
0,04488074 -0,1376349 0,2604736
0,04488074 -0,1376349 0,2604736
0,05343954 -0,1383217 0,2633722
0,06415552 -0,1383196 0,2664739
0,07980921 -0,1350159 0,2714462
0,097629 -0,1285522 0,2760435
0,1183754 -0,1164186 0,2814198
0,1183754 -0,1164186 0,2814198
0,1383802 -0,09508926 0,2855384
0,156069 -0,0716916 0,286615
0,1659984 -0,04343572 0,2828507
0,1707791 -0,01578441 0,2767052
0,1617199 0,0005834103 0,26785
0,1617199 0,0005834103 0,26785
0,1441719 0,02557215 0,2560659
0,1272743 0,04624291 0,2445289
0,1027294 0,05650672 0,2328892
0,07947623 0,06915694 0,2210629
0,0534985 0,07177867 0,2047404
0,0534985 0,07177867 0,2047404
0,03104014 0,06973497 0,1905106
0,007255802 0,06654841 0,1762621
-0,01460315 0,06057087 0,166368
-0,03479651 0,04845599 0,155755
-0,04723551 0,02983755 0,1508185
-0,04723551 0,02983755 0,1508185
-0,05128202 0,009741902 0,1533329
-0,05261793 -0,01116611 0,1601415
-0,04156312 -0,03416814 0,1818992
-0,02650688 -0,05498561 0,2066312
0,0005131841 -0,06178756 0,2453323
0,0005131841 -0,06178756 0,2453323
0,03876335 -0,07710299 0,2845396
0,07682237 -0,09707823 0,3112776
0,1070949 -0,1052157 0,3291434
0,1245748 -0,1057102 0,3306847
0,1245748 -0,1057102 0,3306847
0,133955 -0,1006896 0,3260869
0,1430059 -0,09534612 0,3228387
0,1408942 -0,09739918 0,3194269
0,139269 -0,09976903 0,3172442
0,1374857 -0,1032727 0,3168142
0,1374857 -0,1032727 0,3168142
0,138346 -0,1036128 0,316885
0,1385712 -0,1050409 0,3171274
0,1388518 -0,1060637 0,3179026
0,1398248 -0,1062482 0,3185062
0,1407891 -0,1060954 0,3186308
0,1407891 -0,1060954 0,3186308
0,1407551 -0,1072791 0,3187705
0,1408499 -0,1083716 0,3189591
0,1419467 -0,1082191 0,3191749
0,1435126 -0,1073798 0,3192632
0,14392 -0,1079671 0,3189512
0,14392 -0,1079671 0,3189512
0,1445244 -0,1085923 0,3184487
0,1458076 -0,1083341 0,3180175
0,1474257 -0,1074903 0,3178563
0,1489792 -0,1068214 0,3176155
0,1496373 -0,1070248 0,3175625
0,1496373 -0,1070248 0,3175625
0,1498299 -0,1077279 0,3171901
0,1506349 -0,1075339 0,3169666
0,1515348 -0,1070359 0,3166871
0,1524745 -0,1065254 0,3163815
0,1528242 -0,106499 0,3162058
0,1528242 -0,106499 0,3162058
0,1529032 -0,1068378 0,3160056
0,1531927 -0,1069889 0,3157974
0,1531457 -0,1075275 0,3155074
0,1530458 -0,1081771 0,3153509
0,1530458 -0,1081771 0,3153509
0,1528868 -0,1089442 0,3152603
0,1530076 -0,1091937 0,315143
0,1532454 -0,1091177 0,3150696
0,153461 -0,1091482 0,3149318
0,1534592 -0,1094233 0,3147831
0,1534592 -0,1094233 0,3147831
0,1532943 -0,1098382 0,3147736
0,1530475 -0,1103213 0,3146533
0,1526046 -0,1109923 0,3144493
0,1522169 -0,1116087 0,3142441
0,1518323 -0,1122525 0,3142967
0,1518323 -0,1122525 0,3142967
0,1510418 -0,1130612 0,3146051
0,150056 -0,1137297 0,3152048
0,1499771 -0,1132731 0,3151149
0,1498828 -0,1131781 0,3148091
0,1489632 -0,1147576 0,3139877
0,1489632 -0,1147576 0,3139877
