-0,0001452426 -0,1131349 0,2674451
-0,001515693 -0,1135854 0,266678
-0,001515693 -0,1135854 0,266678
-0,002054065 -0,1149656 0,2658863
-0,002743343 -0,1163885 0,2653161
-0,00265466 -0,1179753 0,2650723
-0,002333721 -0,1202717 0,2651443
-0,0008743298 -0,1234815 0,2661746
-0,0008743298 -0,1234815 0,2661746
0,001161853 -0,1277841 0,2688532
0,005378824 -0,1320288 0,2719398
0,0102136 -0,1350052 0,2752223
0,01829636 -0,1369759 0,2789087
0,02672864 -0,1370457 0,2822932
0,03755185 -0,1345045 0,2878531
0,03755185 -0,1345045 0,2878531
0,04811006 -0,129531 0,291766
0,05905155 -0,1244891 0,2967797
0,06965676 -0,1175815 0,3002129
0,08009388 -0,1057488 0,3052766
0,08859748 -0,09861624 0,3091268
0,08859748 -0,09861624 0,3091268
0,09596278 -0,0864026 0,3123979
0,1033704 -0,07256261 0,3155174
0,1088093 -0,06079382 0,3182091
0,1143102 -0,04655546 0,320403
0,1168375 -0,03305954 0,3207475
0,1168375 -0,03305954 0,3207475
0,1175437 -0,02189848 0,3185436
0,1187528 -0,007742614 0,3164093
0,1178917 0,006649703 0,3153582
0,1161222 0,01973087 0,3127595
0,1148524 0,03542754 0,31047
0,1086201 0,04605353 0,3087033
0,1086201 0,04605353 0,3087033
0,103466 0,05808522 0,3039773
0,09622567 0,0667693 0,3016131
0,08868703 0,07735604 0,2977366
0,08142232 0,08519521 0,2928576
0,07249196 0,09951469 0,2882575
0,07249196 0,09951469 0,2882575
0,06249098 0,1038644 0,2824327
0,05154004 0,1091494 0,2759189
0,04073166 0,1149762 0,2695113
0,0273862 0,1179417 0,2648526
0,01409618 0,1107444 0,2611181
0,003565673 0,1123397 0,2533158
0,003565673 0,1123397 0,2533158
-0,009695895 0,1100881 0,2478875
-0,02333614 0,107184 0,2419392
-0,03600347 0,1025137 0,2348572
-0,04821016 0,09264778 0,2278834
-0,05985197 0,07467031 0,2230383
-0,05985197 0,07467031 0,2230383
-0,06888904 0,06544134 0,2159193
-0,07907169 0,05642301 0,2087632
-0,08681229 0,0466474 0,2019762
-0,09303611 0,03345452 0,1991106
-0,09654184 0,01904362 0,1964376
-0,09654184 0,01904362 0,1964376
-0,09609479 0,007321075 0,1960117
-0,09705361 -0,005334124 0,1968531
-0,09482083 -0,01282318 0,1979052
-0,08981714 -0,02231652 0,2021517
-0,07118905 -0,03474833 0,2147026
-0,05128297 -0,04655777 0,2321622
-0,05128297 -0,04655777 0,2321622
-0,008156751 -0,05744857 0,2729911
0,03235186 -0,0734843 0,3082245
0,07280122 -0,07383057 0,3245234
0,1008712 -0,07093143 0,3304727
0,1119643 -0,0623064 0,3115376
0,1119643 -0,0623064 0,3115376
0,1073844 -0,058281 0,303261
0,1015398 -0,0588142 0,2981471
0,08927492 -0,06640169 0,2965429
0,08212537 -0,0670158 0,2957505
0,07513694 -0,07039896 0,2952567
0,07513694 -0,07039896 0,2952567
0,07021387 -0,07218805 0,2973819
0,06613185 -0,07300279 0,2984096
0,06520958 -0,07280335 0,2991713
0,0637591 -0,07485268 0,3000539
0,06426939 -0,07448405 0,3015017
0,0645151 -0,07472473 0,3030543
0,0645151 -0,07472473 0,3030543
0,06426799 -0,07754669 0,3036214
0,06423987 -0,07824683 0,3043499
0,06452048 -0,0784671 0,3045151
0,06460999 -0,0795584 0,3048111
0,06551112 -0,07902631 0,3051169
0,06551112 -0,07902631 0,3051169
0,06573043 -0,08012119 0,3050873
0,06616906 -0,08024395 0,3052021
0,06641562 -0,08044821 0,3054086
0,06739563 -0,08093908 0,3047419
0,06788131 -0,07947522 0,3053753
0,06788131 -0,07947522 0,3053753
0,06792918 -0,07974193 0,3053911
0,06789909 -0,07970357 0,3054131
0,06797326 -0,07948121 0,3053676
0,06820781 -0,07911748 0,3051879
0,06844194 -0,07859838 0,3049665
0,06870003 -0,07841209 0,3047687
0,06870003 -0,07841209 0,3047687
0,06884277 -0,07836828 0,3045853
0,06909702 -0,07838815 0,3042991
0,06928452 -0,07856134 0,3041543
0,06944203 -0,07904354 0,3040735
0,06963217 -0,07981628 0,3039182
0,06963217 -0,07981628 0,3039182
0,07022866 -0,08001354 0,30388
0,07040488 -0,08056098 0,3038225
0,07072634 -0,08171821 0,3034721
0,0708326 -0,08184943 0,3035217
0,07120553 -0,08231533 0,3033226
0,07120553 -0,08231533 0,3033226
0,07160347 -0,08305612 0,3033063
0,07200419 -0,08376262 0,3034254
0,07286813 -0,08356529 0,3035769
0,07331634 -0,08411831 0,3036411
0,07415085 -0,083841 0,3035465
0,07463926 -0,08407471 0,3035409
0,07463926 -0,08407471 0,3035409
0,07514949 -0,08409938 0,3035014
0,07549217 -0,08443916 0,3034678
0,0759652 -0,08544669 0,3031771
0,07646506 -0,0851506 0,3030369
0,0767627 -0,08509019 0,3029531
0,0767627 -0,08509019 0,3029531
0,07699277 -0,08554828 0,3029297
0,07719174 -0,0860624 0,3028249
0,07763317 -0,08648452 0,3028718
