0,02881942 -0,1561756 0,2755141
0,02861367 -0,1564135 0,2754411
0,02854967 -0,1566716 0,2754002
0,02852535 -0,1569441 0,2753696
0,02864644 -0,15765 0,275345
0,02864644 -0,15765 0,275345
0,02978687 -0,1582968 0,2756186
0,0311512 -0,1591693 0,2755633
0,03415199 -0,1609806 0,2761745
0,03894408 -0,1619167 0,2767727
0,03894408 -0,1619167 0,2767727
0,0503846 -0,1615261 0,2772889
0,06338929 -0,1587029 0,2789477
0,07755569 -0,1520315 0,2794308
0,09411338 -0,1399427 0,2781641
0,1100955 -0,1249693 0,2775172
0,1100955 -0,1249693 0,2775172
0,1234111 -0,0994767 0,2726953
0,1316739 -0,07631317 0,2659556
0,1374996 -0,05349469 0,2603754
0,1340777 -0,02649623 0,2476579
0,1287028 -0,002523333 0,2366817
0,1287028 -0,002523333 0,2366817
0,1078232 0,01507351 0,2214168
0,08778634 0,03226192 0,2071083
0,06588866 0,04735239 0,192338
0,04351991 0,05551493 0,1792954
0,01491469 0,05829845 0,1660981
0,01491469 0,05829845 0,1660981
-0,007823777 0,05274375 0,1552694
-0,03065809 0,04162655 0,145012
-0,04827133 0,02518693 0,1391362
-0,06324857 0,008941174 0,1354751
-0,06614619 -0,01091619 0,1397786
-0,06614619 -0,01091619 0,1397786
-0,05423054 -0,0288738 0,1563902
-0,040155 -0,04515265 0,1793521
-0,01173892 -0,06043141 0,2174788
0,01776457 -0,06776324 0,2538476
0,0558761 -0,08666223 0,2835622
0,0558761 -0,08666223 0,2835622
0,08804053 -0,1079286 0,2938444
0,1144705 -0,1168109 0,3017793
0,1293968 -0,1115919 0,3009436
0,1407485 -0,1099366 0,3043195
0,1407485 -0,1099366 0,3043195
0,1443963 -0,1069306 0,3018472
0,1437503 -0,1083101 0,3010188
0,1431281 -0,1096888 0,3011193
0,1414191 -0,1127492 0,3013296
0,1407832 -0,1138594 0,3013273
0,1407832 -0,1138594 0,3013273
0,1405083 -0,1147282 0,3013422
0,1405831 -0,1153148 0,3015681
0,1406071 -0,1159882 0,30187
0,140754 -0,1167268 0,3023807
0,1406616 -0,1175299 0,3029523
0,1406616 -0,1175299 0,3029523
0,139856 -0,1182672 0,3031086
0,1389355 -0,1190842 0,3029976
0,138286 -0,1195856 0,3029349
0,1380471 -0,1198055 0,3024722
0,1377523 -0,1201322 0,3022287
0,1377523 -0,1201322 0,3022287
0,1380066 -0,1200277 0,3021348
0,138215 -0,1199856 0,3019639
0,1385953 -0,1197358 0,3018474
0,1389565 -0,1195987 0,3015633
0,1393828 -0,1192983 0,3015107
0,1393828 -0,1192983 0,3015107
0,1392449 -0,1195774 0,3014517
0,1392179 -0,1196278 0,3012739
0,139181 -0,1196108 0,3011203
0,1388893 -0,119921 0,3008978
0,1388893 -0,119921 0,3008978
0,1388234 -0,119822 0,3006142
0,1387087 -0,1198655 0,3004423
0,1386202 -0,1198909 0,3003116
0,1384594 -0,1201305 0,3002779
0,1382901 -0,1205194 0,3001539
0,1382901 -0,1205194 0,3001539
0,1383638 -0,1206436 0,3000881
0,1383114 -0,1209607 0,3000567
0,1382197 -0,1213569 0,3000284
0,138122 -0,1219176 0,3000282
0,1379027 -0,122576 0,3000294
0,1379027 -0,122576 0,3000294
0,1379456 -0,1229959 0,3000031
0,1382383 -0,1229063 0,2999722
0,1385174 -0,1227819 0,2999982
0,1387193 -0,1227794 0,3001045
0,1392454 -0,1224375 0,300218
0,1392454 -0,1224375 0,300218
0,1395656 -0,1225347 0,3005661
0,1396062 -0,1225281 0,3010721
0,1392301 -0,1228129 0,301537
0,1391409 -0,1228672 0,3005282
0,1393008 -0,1224581 0,2995405
