0,116122 -0,1240572 0,24268
0,1175189 -0,1205175 0,2441882
0,1175189 -0,1205175 0,2441882
0,1179755 -0,114816 0,2446384
0,1179133 -0,1077988 0,2459628
0,1172945 -0,09752494 0,2477846
0,116206 -0,08621997 0,2491263
0,1140564 -0,07558432 0,2502501
0,1140564 -0,07558432 0,2502501
0,1098768 -0,06602162 0,2512355
0,1055114 -0,05622989 0,2527499
0,100215 -0,04805738 0,254612
0,09397741 -0,04064029 0,2570534
0,08688787 -0,03594905 0,2589566
0,08688787 -0,03594905 0,2589566
0,07772081 -0,03689268 0,259748
0,06809944 -0,03883386 0,2606815
0,05846263 -0,04081431 0,2612412
0,04697537 -0,0483875 0,2606946
0,04697537 -0,0483875 0,2606946
0,03451463 -0,05949098 0,2598259
0,0212001 -0,07068813 0,2596561
0,007085831 -0,08504415 0,2588964
-0,006102766 -0,09779993 0,255519
-0,01987058 -0,112511 0,2492595
-0,01987058 -0,112511 0,2492595
-0,03507648 -0,1268697 0,2420322
-0,05035363 -0,1405578 0,2373585
-0,06440722 -0,151328 0,2318082
-0,07959933 -0,1601004 0,2267095
-0,09295256 -0,1643891 0,2195767
-0,09295256 -0,1643891 0,2195767
-0,1067043 -0,1636891 0,2110549
-0,118595 -0,1598888 0,2016955
-0,1315862 -0,1508155 0,1951877
-0,1417008 -0,1415526 0,1926811
-0,1512084 -0,1298628 0,1941569
-0,1512084 -0,1298628 0,1941569
-0,1570421 -0,1083127 0,1933537
-0,160391 -0,08849207 0,1928132
-0,1596352 -0,0714961 0,194111
-0,1520306 -0,05564523 0,1964354
-0,1436601 -0,04261069 0,2014008
-0,1436601 -0,04261069 0,2014008
-0,1310574 -0,03525782 0,2088655
-0,1191758 -0,0264696 0,2161556
-0,1079339 -0,01945993 0,2237256
-0,09416883 -0,01675981 0,2319841
-0,07937979 -0,01616664 0,2399049
-0,07937979 -0,01616664 0,2399049
-0,06481968 -0,02104244 0,2449612
-0,05044653 -0,02893046 0,2508405
-0,03580157 -0,0390228 0,2565944
-0,02178634 -0,05159286 0,2608442
-0,02178634 -0,05159286 0,2608442
-0,008434227 -0,06532419 0,263035
0,006169655 -0,08214715 0,26466
0,01910777 -0,09971204 0,265452
0,03278814 -0,1167865 0,2647305
0,04645521 -0,1305063 0,2634137
0,04645521 -0,1305063 0,2634137
0,06391481 -0,1432393 0,2601607
0,08020628 -0,1546314 0,2560163
0,09701464 -0,1642964 0,252836
0,1117766 -0,1678644 0,2486206
0,126999 -0,1707278 0,2476162
0,126999 -0,1707278 0,2476162
0,1407966 -0,1647931 0,2474086
0,1537202 -0,1557707 0,2458444
0,1675351 -0,145709 0,2442925
0,1782541 -0,1312071 0,2427086
0,185816 -0,1176831 0,2424182
0,185816 -0,1176831 0,2424182
0,1865803 -0,1030747 0,2402613
0,183793 -0,09238845 0,2392055
0,180142 -0,08273131 0,2378445
0,1750904 -0,07507467 0,2381602
0,1710532 -0,06800187 0,2383535
0,1710532 -0,06800187 0,2383535
0,1676732 -0,06435415 0,2388489
0,1638044 -0,06046745 0,2390849
0,1607527 -0,05843322 0,2396831
0,1591695 -0,05649433 0,2397586
0,1591695 -0,05649433 0,2397586
0,1574116 -0,05618367 0,2392721
0,1554305 -0,05700901 0,2390915
0,1538576 -0,05812064 0,239134
0,1530451 -0,05961978 0,2387939
0,1521428 -0,06106478 0,2388236
0,1521428 -0,06106478 0,2388236
0,1515894 -0,06347889 0,2386114
0,1508172 -0,06593046 0,2386073
0,1502786 -0,06835008 0,2384762
0,1498423 -0,07048064 0,2386128
0,1496944 -0,07256725 0,2384274
0,1496944 -0,07256725 0,2384274
0,149352 -0,07441787 0,2387923
0,1494199 -0,0756612 0,2389228
0,1494432 -0,07696922 0,2390469
0,149287 -0,07840192 0,2392918
0,1492978 -0,07923901 0,2394296
0,1492978 -0,07923901 0,2394296
0,149655 -0,07927434 0,2392321
0,1500088 -0,07916367 0,2390209
0,1503196 -0,07909951 0,2387605
0,1507521 -0,07885936 0,2385713
0,1510703 -0,07882777 0,2384406
0,1510703 -0,07882777 0,2384406
0,1512789 -0,07880647 0,2384226
0,1513706 -0,07904695 0,2383478
0,1514055 -0,07944116 0,2383272
0,1510741 -0,08040251 0,2383191
0,1508939 -0,08118671 0,2382788
0,1508939 -0,08118671 0,2382788
0,151069 -0,08128867 0,237867
0,1508231 -0,0821781 0,2377325
0,1505382 -0,0830116 0,2376481
