0,05503529 -0,1805101 0,2013978
0,05420912 -0,1820431 0,2022144
0,05354061 -0,1833011 0,2025411
0,05354061 -0,1833011 0,2025411
0,05257577 -0,1840099 0,2031025
0,05142957 -0,1850769 0,2038074
0,04984909 -0,1861858 0,2046734
0,04807831 -0,1873738 0,2058404
0,04595928 -0,1889198 0,2081373
0,04595928 -0,1889198 0,2081373
0,04415702 -0,1885736 0,2095388
0,04183073 -0,1889678 0,2114534
0,03867911 -0,1893708 0,2158306
0,03573166 -0,1872553 0,2180781
0,03290224 -0,1862256 0,2226142
0,03290224 -0,1862256 0,2226142
0,03136954 -0,1797735 0,2246597
0,02893131 -0,1722798 0,2297629
0,02739759 -0,1627543 0,2348121
0,02604988 -0,1513254 0,2396526
0,02532403 -0,1395641 0,2441773
0,02532403 -0,1395641 0,2441773
0,0249159 -0,1244794 0,2487236
0,02414929 -0,1097138 0,2539757
0,02324583 -0,09386718 0,2589233
0,02358535 -0,07791367 0,2621953
0,02390305 -0,06213588 0,26457
0,02390305 -0,06213588 0,26457
0,02439405 -0,04577655 0,2652974
0,02492387 -0,02949986 0,2673992
0,02517343 -0,01588398 0,267878
0,02618248 0,001082212 0,2681317
0,02618248 0,001082212 0,2681317
0,02701887 0,01454189 0,2673732
0,02760342 0,02894895 0,2667001
0,02805004 0,04319909 0,2658447
0,02828074 0,05664618 0,2649307
0,02853075 0,07335559 0,2633829
0,02853075 0,07335559 0,2633829
0,02896919 0,0852322 0,2606146
0,02914741 0,09680977 0,2587435
0,02976454 0,1094605 0,2558579
0,02993572 0,1178619 0,2539371
0,02977268 0,130853 0,2520297
0,02977268 0,130853 0,2520297
0,02976715 0,1442308 0,2505503
0,02977973 0,1562153 0,2485641
0,03019394 0,1618315 0,2464621
0,03047327 0,1673878 0,244204
0,02996243 0,1712091 0,2433028
0,02996243 0,1712091 0,2433028
0,02980899 0,1750138 0,2419668
0,02957982 0,1792486 0,2408348
0,02998734 0,1842868 0,2394187
0,02946905 0,1855837 0,2385141
0,02944042 0,1895972 0,2372109
0,02944042 0,1895972 0,2372109
0,02860761 0,1907806 0,2381607
0,02836841 0,1944561 0,2380849
0,02782373 0,1976347 0,2380592
0,02700366 0,1997192 0,2385874
0,0262487 0,2003851 0,2387325
0,0262487 0,2003851 0,2387325
0,02618114 0,2002003 0,2381076
0,02598054 0,1997558 0,2377177
0,02575769 0,1992227 0,237672
0,02549878 0,1983049 0,237678
0,02549878 0,1983049 0,237678
0,02522452 0,1978414 0,2373503
0,02486548 0,1970589 0,2370625
0,02488652 0,1967323 0,2366968
0,02441148 0,1956967 0,2368617
0,02394922 0,1950915 0,237112
0,02394922 0,1950915 0,237112
0,02369264 0,1948297 0,2371002
0,02332207 0,1952718 0,2368689
0,02304631 0,195817 0,2371372
0,02258153 0,1974903 0,237398
0,02285522 0,1983872 0,2371435
0,02285522 0,1983872 0,2371435
0,02250516 0,1978822 0,2374562
0,02242563 0,1981537 0,237518
0,02238317 0,1978659 0,2378855
0,0223222 0,1976582 0,2381062
0,02288819 0,1976394 0,2384236
0,02288819 0,1976394 0,2384236
0,02378499 0,1966555 0,2384499
0,02418355 0,1953367 0,2387285
0,02474366 0,1940826 0,2388362
0,02484028 0,1921309 0,2395885
0,02538086 0,1908529 0,2402333
0,02538086 0,1908529 0,2402333
0,02556102 0,1915058 0,2408499
0,02568579 0,1896426 0,2416511
0,02576548 0,188718 0,24196
0,02599888 0,1871025 0,2423894
0,02587345 0,1868135 0,2426731
0,02587345 0,1868135 0,2426731
0,02602315 0,1866038 0,2430648
0,02622023 0,1860532 0,2433066
0,02655775 0,1854708 0,2437686
0,02661717 0,1854172 0,2441718
0,02661717 0,1854172 0,2441718
0,02667474 0,1855114 0,2442274
0,02699858 0,1856761 0,2446392
0,02739671 0,1865913 0,2450283
0,02762929 0,1872166 0,2451852
0,02838446 0,1879828 0,2457348
0,02838446 0,1879828 0,2457348
0,02852008 0,1866907 0,2463628
0,02884177 0,1855019 0,2467399
0,02932094 0,1843184 0,2469478
0,03013835 0,1819666 0,2468179
0,03065754 0,1795293 0,2466673
0,03065754 0,1795293 0,2466673
0,03127902 0,1787342 0,2465194
0,03153624 0,1782359 0,2470483
0,03172938 0,1766858 0,2475194
0,03237609 0,1773345 0,2479384
