0,06650127 -0,1513712 0,2556791
0,06652989 -0,1528196 0,2558879
0,06677078 -0,1540081 0,2562985
0,06677078 -0,1540081 0,2562985
0,0683181 -0,1554376 0,2573565
0,07082823 -0,1566806 0,2585469
0,07431793 -0,158016 0,2602528
0,08173981 -0,1557783 0,2632916
0,08930518 -0,1529645 0,2666301
0,08930518 -0,1529645 0,2666301
0,100266 -0,1403743 0,2700259
0,1111283 -0,1256588 0,274552
0,1221071 -0,1074051 0,2784472
0,1302612 -0,08219069 0,2790021
0,1302612 -0,08219069 0,2790021
0,1308624 -0,06061596 0,2760658
0,127828 -0,04142421 0,2696465
0,1207248 -0,01136166 0,258618
0,1089972 0,0107315 0,2476865
0,09216893 0,027785 0,2343071
0,09216893 0,027785 0,2343071
0,07151937 0,03941047 0,2184017
0,0500239 0,05166429 0,2016379
0,02863995 0,05685097 0,1832818
0,007254794 0,05680504 0,1635554
-0,01233181 0,04835692 0,145394
-0,01233181 0,04835692 0,145394
-0,02721736 0,04012719 0,1345872
-0,03971064 0,02430521 0,1271595
-0,04629856 0,01033416 0,1196001
-0,04584314 -0,005351797 0,125646
-0,04225359 -0,02284469 0,1375038
-0,04225359 -0,02284469 0,1375038
-0,01973225 -0,03881942 0,1744121
0,004954738 -0,04630418 0,2104851
0,03479265 -0,05649862 0,2478701
0,06977154 -0,07446614 0,288409
0,1026821 -0,08379012 0,3127132
0,1026821 -0,08379012 0,3127132
0,114025 -0,08435774 0,3078923
0,121155 -0,07668048 0,3054071
0,1229036 -0,07557619 0,3034314
0,1192507 -0,08033884 0,30038
0,1192507 -0,08033884 0,30038
0,1178223 -0,08345971 0,301202
0,1164149 -0,08760151 0,301897
0,1164596 -0,08976871 0,3024323
0,1169615 -0,09216437 0,3031212
0,1173173 -0,09338892 0,3032674
0,1173173 -0,09338892 0,3032674
0,118392 -0,09289783 0,3036568
0,1187348 -0,09317994 0,3037795
0,1186254 -0,09380892 0,3038518
0,1185775 -0,0938808 0,3040223
0,1183408 -0,09444964 0,3041531
0,1183408 -0,09444964 0,3041531
0,1174881 -0,09585556 0,3043298
0,1172666 -0,09671652 0,3041796
0,1172475 -0,09745497 0,3040357
0,1177026 -0,09808967 0,3036483
0,1180521 -0,09918964 0,3033855
0,1180521 -0,09918964 0,3033855
0,1190908 -0,09939033 0,3032422
0,1200984 -0,09955439 0,3030972
0,1203315 -0,1000984 0,3027702
0,1200431 -0,1024607 0,302155
0,1203389 -0,1034446 0,3017137
0,1203389 -0,1034446 0,3017137
0,120935 -0,1033304 0,3013113
0,1211913 -0,1039272 0,3008869
0,1213375 -0,104684 0,3003808
0,1213667 -0,1055854 0,3000823
0,1213396 -0,1062259 0,2995898
0,1213396 -0,1062259 0,2995898
0,1218563 -0,1058343 0,2992344
0,1220189 -0,1058862 0,2988652
0,1217897 -0,1063367 0,2985112
0,121485 -0,1070929 0,2980642
0,121485 -0,1070929 0,2980642
0,1212025 -0,1078729 0,2977306
0,1208768 -0,108697 0,2975028
0,1205266 -0,1094763 0,2972067
0,1200934 -0,1104291 0,2969788
0,1196817 -0,1111387 0,2968079
0,1196817 -0,1111387 0,2968079
0,1197763 -0,1116211 0,2964871
0,1196879 -0,1122536 0,2964144
0,119319 -0,1133427 0,2964154
0,118577 -0,1147485 0,2968164
0,1179181 -0,1160026 0,2974307
0,1179181 -0,1160026 0,2974307
0,1182274 -0,1160146 0,2974338
0,1198676 -0,1170327 0,2941378
0,1219974 -0,1170635 0,2926646
0,120975 -0,1170695 0,2911989
0,1197614 -0,1183744 0,2899651
0,1197614 -0,1183744 0,2899651
0,1180955 -0,1207779 0,2873693
0,1166777 -0,1211666 0,2852305
0,1156666 -0,1209588 0,2849309
0,1149587 -0,1204321 0,2839242
0,1142758 -0,1201102 0,2831899
0,1142758 -0,1201102 0,2831899
