0,03806216 -0,1472335 0,307909
0,03801521 -0,1472752 0,3078744
0,03798396 -0,1473988 0,3077877
0,03795079 -0,1473773 0,3077136
0,03795079 -0,1473773 0,3077136
0,03793928 -0,1474447 0,3075621
0,03795298 -0,1477507 0,3074328
0,03807191 -0,1479196 0,3072865
0,03856203 -0,1479305 0,3071042
0,03929615 -0,1479092 0,3068902
0,03929615 -0,1479092 0,3068902
0,04062133 -0,1493174 0,3068726
0,04314111 -0,1500274 0,3072184
0,04657769 -0,1495796 0,3076451
0,05345222 -0,1469549 0,3085912
0,06148273 -0,1424304 0,309064
0,06148273 -0,1424304 0,309064
0,07388282 -0,132773 0,3075212
0,08842832 -0,11812 0,3059122
0,102174 -0,1019636 0,3034384
0,1131378 -0,08059087 0,2993561
0,1226604 -0,05708855 0,2946812
0,1226604 -0,05708855 0,2946812
0,1254212 -0,03242791 0,2861074
0,127618 -0,00613603 0,2771295
0,1242144 0,01903933 0,2651181
0,1176918 0,0424937 0,2519672
0,1056293 0,05987363 0,2383892
0,1056293 0,05987363 0,2383892
0,08881734 0,0740246 0,2211225
0,07038192 0,08569825 0,2041022
0,0501673 0,08949432 0,1905127
0,02922154 0,09342619 0,1765245
0,02922154 0,09342619 0,1765245
0,008062609 0,09051239 0,16427
-0,01263146 0,08469609 0,1521452
-0,03279962 0,07618548 0,1418216
-0,04884397 0,05841658 0,1372854
-0,06221184 0,03909238 0,1338645
-0,06221184 0,03909238 0,1338645
-0,06621005 0,01635164 0,1377989
-0,0664994 -0,003821939 0,1452109
-0,06365848 -0,02514811 0,1590656
-0,04770456 -0,04386528 0,1850356
-0,024746 -0,06643175 0,2139951
-0,024746 -0,06643175 0,2139951
0,005733643 -0,08083695 0,2547783
0,03960226 -0,1061172 0,2921907
0,07241542 -0,12308 0,3174786
0,09651905 -0,1255789 0,3238313
0,1147906 -0,1243089 0,3254177
0,1147906 -0,1243089 0,3254177
0,1105977 -0,1188391 0,3178423
0,1112587 -0,1173665 0,3153532
0,1106781 -0,1174499 0,3123429
0,1083007 -0,117652 0,3112524
0,1066219 -0,1172957 0,3104718
0,1066219 -0,1172957 0,3104718
0,1055475 -0,118261 0,3109914
0,105258 -0,1183122 0,311389
0,1050409 -0,1183468 0,311806
0,1047722 -0,1190058 0,3123051
0,1047221 -0,1194284 0,3127061
0,1047221 -0,1194284 0,3127061
0,104395 -0,1206309 0,3127676
0,1041193 -0,121356 0,3129964
0,1038973 -0,1216925 0,313211
0,1034294 -0,1224116 0,3132694
0,1034294 -0,1224116 0,3132694
0,1034824 -0,1224048 0,3130952
0,1034611 -0,1225729 0,3130831
0,1037819 -0,1224456 0,3132061
0,1046869 -0,1219799 0,3135437
0,1054624 -0,1214181 0,3137054
0,1054624 -0,1214181 0,3137054
0,1052371 -0,1219059 0,313706
0,1052154 -0,1220224 0,3137906
0,105003 -0,1223834 0,3138329
0,1048967 -0,1225879 0,313867
0,1046728 -0,1229438 0,3139303
0,1046728 -0,1229438 0,3139303
0,1047163 -0,1227942 0,3138637
0,1046971 -0,1228015 0,3138298
0,1046306 -0,1229913 0,3138089
0,1045451 -0,1235027 0,3137389
0,1046872 -0,1237344 0,3136929
0,1046872 -0,1237344 0,3136929
0,1049762 -0,1234801 0,3137446
0,1050787 -0,1235712 0,3137028
0,1053083 -0,1235994 0,3136045
0,1053057 -0,1240556 0,3134501
0,1055205 -0,1242142 0,3133485
0,1055205 -0,1242142 0,3133485
0,1058699 -0,1242684 0,3135202
0,1061413 -0,1243595 0,3135002
0,1064813 -0,1243594 0,3134997
0,1064478 -0,1246022 0,3133901
0,1065279 -0,1247161 0,3133406
0,1065279 -0,1247161 0,3133406
0,1063572 -0,1251881 0,3133494
0,1062722 -0,1254922 0,3133005
0,106131 -0,125742 0,3133845
0,1060137 -0,12593 0,3131641
0,1058193 -0,1261515 0,3131037
0,1058193 -0,1261515 0,3131037
0,1056902 -0,1262853 0,3131332
0,105506 -0,1265257 0,3130963
0,1054837 -0,1265438 0,3130922
0,1053518 -0,1268528 0,3131241
0,1053518 -0,1268528 0,3131241
0,1052137 -0,1268606 0,3130593
0,1049009 -0,1269596 0,3130333
0,104587 -0,1271569 0,3129498
0,1043702 -0,1273648 0,3129507
0,1040168 -0,1276569 0,3128388
0,1040168 -0,1276569 0,3128388
0,1038778 -0,1277565 0,3127894
0,1034716 -0,1280117 0,312748
0,1031739 -0,128197 0,3126882
0,1029825 -0,1283194 0,3127322
0,102901 -0,1283665 0,3127634
0,102901 -0,1283665 0,3127634
0,1029072 -0,1283762 0,3128908
0,1027497 -0,1286352 0,3129751
0,1027196 -0,1287096 0,3129676
0,1025569 -0,1288403 0,3129665
0,1024962 -0,1288334 0,3129549
0,1024962 -0,1288334 0,3129549
0,1025187 -0,1287455 0,3129548
0,1025492 -0,1287354 0,3129563
0,1024298 -0,1288707 0,3129117
