0,175533 -0,1221582 0,163298
0,1765542 -0,1198649 0,1656017
0,1771526 -0,1154466 0,1681169
0,1773513 -0,109361 0,1716863
0,176774 -0,09895724 0,1757629
0,176774 -0,09895724 0,1757629
0,1741135 -0,08867294 0,1793666
0,1697668 -0,07786682 0,1829146
0,1640989 -0,06876333 0,1864389
0,1569081 -0,06040642 0,1899894
0,147789 -0,05386348 0,1931952
0,147789 -0,05386348 0,1931952
0,137075 -0,04934864 0,1966671
0,1269685 -0,04423611 0,1985596
0,1158872 -0,04100682 0,199827
0,1045627 -0,03937471 0,2013569
0,09341419 -0,03994375 0,2017338
0,09341419 -0,03994375 0,2017338
0,07938512 -0,04465826 0,2020936
0,06545239 -0,05020612 0,2027939
0,05177861 -0,0575228 0,2016694
0,03826731 -0,0657981 0,2003878
0,0233189 -0,07487804 0,1981859
0,0233189 -0,07487804 0,1981859
0,007964211 -0,08623883 0,1965167
-0,006796275 -0,09840742 0,1924259
-0,0226035 -0,1093539 0,1869859
-0,03830318 -0,1199615 0,1826895
-0,03830318 -0,1199615 0,1826895
-0,05176435 -0,1340282 0,179231
-0,06619029 -0,1436821 0,173187
-0,08303645 -0,1472585 0,1686388
-0,09792925 -0,1510487 0,1620825
-0,1097644 -0,1507125 0,1515684
-0,1097644 -0,1507125 0,1515684
-0,1182702 -0,1362891 0,1408819
-0,126714 -0,1255211 0,138215
-0,1356536 -0,1137354 0,1356554
-0,1432752 -0,09608634 0,1365923
-0,1476471 -0,0803788 0,13902
-0,1476471 -0,0803788 0,13902
-0,1405729 -0,06256913 0,1403254
-0,1342317 -0,04720165 0,1424666
-0,1259154 -0,03277299 0,1463693
-0,1146342 -0,0212653 0,1511351
-0,1021519 -0,01204005 0,1568134
-0,1021519 -0,01204005 0,1568134
-0,08944681 -0,007991731 0,1626522
-0,07688419 -0,002905577 0,167642
-0,06285872 -0,003985003 0,1720103
-0,04984064 -0,00608626 0,1771258
-0,03698462 -0,009761587 0,1812821
-0,03698462 -0,009761587 0,1812821
-0,02555444 -0,02127433 0,1859314
-0,01319634 -0,03235562 0,1898555
-0,003005948 -0,04206252 0,1933585
0,01071604 -0,06192482 0,1967796
0,02332396 -0,07784846 0,1982339
0,02332396 -0,07784846 0,1982339
0,0345895 -0,09201294 0,1978126
0,04735939 -0,1107335 0,1980322
0,05975548 -0,1217352 0,1951167
0,07324146 -0,1366282 0,1937691
0,07324146 -0,1366282 0,1937691
0,08515169 -0,1478231 0,1917705
0,09845459 -0,1567239 0,1873373
0,109452 -0,1618998 0,1840807
0,1203136 -0,1643085 0,181276
0,1313339 -0,1637305 0,1780501
0,1313339 -0,1637305 0,1780501
0,1412154 -0,1597784 0,1734758
0,1515081 -0,1566414 0,1697379
0,1586683 -0,1540694 0,1658883
0,165225 -0,1512915 0,1626553
0,1698387 -0,1488612 0,1589382
0,1698387 -0,1488612 0,1589382
0,1732533 -0,1473051 0,1561473
0,1766431 -0,1455499 0,1538554
0,1791994 -0,1441604 0,1523361
0,1805875 -0,1425619 0,1524397
0,1820158 -0,1407797 0,1520884
0,1820158 -0,1407797 0,1520884
0,1830124 -0,1391345 0,1514661
0,1841191 -0,1375733 0,15095
0,1852332 -0,1358669 0,1507088
0,1855908 -0,134395 0,1508762
0,1859969 -0,132986 0,1510797
0,1859969 -0,132986 0,1510797
0,1860333 -0,1317298 0,1510671
0,1860063 -0,1305138 0,1508187
0,1858074 -0,1295631 0,1505493
0,1850343 -0,128985 0,1508311
0,1850343 -0,128985 0,1508311
0,1844623 -0,1283536 0,1511169
0,1834854 -0,1278675 0,1512108
0,182353 -0,127971 0,1511997
0,1818256 -0,1275612 0,1512475
0,1811262 -0,1273164 0,151505
0,1811262 -0,1273164 0,151505
0,1803301 -0,1273312 0,1516898
0,1795042 -0,1273374 0,1517788
0,1788497 -0,1273073 0,1517545
0,178331 -0,1270798 0,1517134
0,177785 -0,1270009 0,1514413
0,177785 -0,1270009 0,1514413
0,1764275 -0,1275176 0,1519262
0,1752421 -0,1277557 0,1521994
