0,1554722 -0,132892 0,2802494
0,1554722 -0,132892 0,2802494
0,1552019 -0,1330793 0,279774
0,1549653 -0,1333817 0,2793504
0,1548932 -0,133715 0,2788748
0,1551616 -0,1342044 0,2786386
0,1554919 -0,1346619 0,2783623
0,1554919 -0,1346619 0,2783623
0,156487 -0,1354036 0,2785862
0,1582886 -0,1364344 0,278795
0,1607211 -0,1376516 0,2790473
0,1643996 -0,1398345 0,27997
0,1693309 -0,1414606 0,2808114
0,1693309 -0,1414606 0,2808114
0,1806058 -0,1380861 0,2821413
0,1944437 -0,1296906 0,2838807
0,2090022 -0,1178719 0,2848383
0,2236499 -0,09768003 0,285191
0,2360195 -0,07571086 0,2840569
0,2360195 -0,07571086 0,2840569
0,2368964 -0,04656383 0,2761589
0,2348518 -0,02125898 0,2686841
0,221783 0,001031578 0,2596951
0,2063345 0,01974316 0,2503808
0,2063345 0,01974316 0,2503808
0,1828766 0,03097321 0,238844
0,1591562 0,04148664 0,2274529
0,1356704 0,04904304 0,2167243
0,1114175 0,05323753 0,2046978
0,08853796 0,05903204 0,1921863
0,08853796 0,05903204 0,1921863
0,06911795 0,04999729 0,1796237
0,04835957 0,04033776 0,1711552
0,03133541 0,02980721 0,1629311
0,02244261 0,01240781 0,1593952
0,01548695 -0,007262647 0,1598288
0,01548695 -0,007262647 0,1598288
0,02298217 -0,02713902 0,1755449
0,03797215 -0,04268081 0,1942957
0,06200675 -0,05874483 0,2158615
0,0961842 -0,06901497 0,2461961
0,1313325 -0,0826776 0,2769511
0,1313325 -0,0826776 0,2769511
0,1652446 -0,08701816 0,2931373
0,1955533 -0,08966663 0,2977775
0,2189803 -0,08946234 0,2992803
0,2432581 -0,08964613 0,3017927
0,2312657 -0,08488274 0,2897626
0,2312657 -0,08488274 0,2897626
0,233991 -0,08179727 0,2895755
0,2419578 -0,0768497 0,2887699
0,245355 -0,0761207 0,2882013
0,2511119 -0,0714339 0,2879443
0,2553975 -0,06996724 0,2881381
0,2553975 -0,06996724 0,2881381
0,2569833 -0,07070079 0,2879682
0,2598991 -0,07043129 0,2878442
0,2615064 -0,07111531 0,2882523
0,2640368 -0,07093138 0,2885435
0,2640368 -0,07093138 0,2885435
0,265675 -0,07093415 0,2886256
0,2670013 -0,07087052 0,2885595
0,2677966 -0,07091522 0,2882626
0,2674661 -0,0716798 0,2881363
0,2669542 -0,07267419 0,287863
0,2669542 -0,07267419 0,287863
0,2671478 -0,07284039 0,2875261
0,2671073 -0,07320243 0,2872867
0,2674239 -0,07311073 0,2871787
0,2682674 -0,07268122 0,2871348
0,2691373 -0,07218289 0,2870101
0,2691373 -0,07218289 0,2870101
0,2700348 -0,07156754 0,2868909
0,270587 -0,07113719 0,2868996
0,2712959 -0,07027596 0,2871439
0,2715907 -0,06957635 0,2878347
0,2702149 -0,06948701 0,2879737
0,2702149 -0,06948701 0,2879737
0,2667596 -0,07211345 0,2878186
0,2610925 -0,07698223 0,2878869
0,2584438 -0,08018214 0,2902794
0,2571177 -0,08183756 0,2896334
0,2548561 -0,08463562 0,2887138
0,2548561 -0,08463562 0,2887138
0,2524345 -0,08659154 0,2871759
0,250209 -0,08780438 0,2845728
