0,05507321 -0,1624364 0,1989307
0,05535264 -0,1619178 0,1985006
0,05561457 -0,1614535 0,1982943
0,05561457 -0,1614535 0,1982943
0,05617461 -0,1601066 0,1970194
0,05702443 -0,1583806 0,1956631
0,05812761 -0,1560685 0,1936958
0,0598585 -0,1524247 0,1905775
0,06146396 -0,1485469 0,1874362
0,06146396 -0,1485469 0,1874362
0,06339009 -0,1427744 0,1822485
0,06516833 -0,1369029 0,1770266
0,06697106 -0,1307727 0,1716611
0,06811062 -0,1266296 0,1678228
0,06811062 -0,1266296 0,1678228
0,06931847 -0,1222888 0,1631869
0,07055034 -0,1189537 0,1590537
0,07080828 -0,117544 0,1562935
0,07001625 -0,1187216 0,1554269
0,06890315 -0,1204644 0,15542
0,06890315 -0,1204644 0,15542
0,06560831 -0,1272459 0,1594293
0,06125459 -0,1356225 0,165129
0,05644874 -0,1455947 0,1723979
0,05036448 -0,1564731 0,1812018
0,04164605 -0,1684484 0,192849
0,04164605 -0,1684484 0,192849
0,03459595 -0,1771478 0,2072186
0,02729377 -0,1829056 0,2227194
0,02175587 -0,1744772 0,2332476
0,01470604 -0,1618914 0,2439671
0,008856307 -0,1362244 0,2545203
0,008856307 -0,1362244 0,2545203
0,004665984 -0,09905946 0,2600634
0,001413324 -0,05923483 0,2625373
-0,0006980987 -0,01893023 0,2615302
0,0005426775 0,01778397 0,2547698
0,001400013 0,05405016 0,2490126
0,001400013 0,05405016 0,2490126
0,003197573 0,08576784 0,2404924
0,004278865 0,1160173 0,2321032
0,005479821 0,1489456 0,2242724
0,007812882 0,1721814 0,2141016
0,008258246 0,1870243 0,2067179
0,008258246 0,1870243 0,2067179
0,008691814 0,198247 0,2036901
0,009493022 0,2115034 0,1988814
0,009166989 0,2204081 0,1961753
0,01055927 0,2250772 0,1928505
0,01055927 0,2250772 0,1928505
0,009637368 0,2211247 0,1925124
0,009438898 0,2222002 0,190924
0,009359113 0,2238304 0,1902062
0,007992445 0,2236896 0,1907235
0,00721495 0,2214303 0,1914225
0,00721495 0,2214303 0,1914225
0,006405613 0,2227519 0,1920909
0,005495016 0,223825 0,1926861
0,004964524 0,2208768 0,1945621
0,004083996 0,2169246 0,1959259
0,003353325 0,213701 0,1973055
0,003353325 0,213701 0,1973055
0,002600011 0,2119713 0,1988183
0,002527571 0,2108263 0,1996542
0,002365618 0,209804 0,2004987
0,002051343 0,2080625 0,2011279
0,002323524 0,2090391 0,2016255
0,002323524 0,2090391 0,2016255
0,002088581 0,2095041 0,2019581
0,001981104 0,2109077 0,2022298
0,001798514 0,2126818 0,2021478
0,002008715 0,2123394 0,2025822
0,001819035 0,2130341 0,2023969
0,001819035 0,2130341 0,2023969
0,001914969 0,2096263 0,2031259
0,002128561 0,2085962 0,2032565
0,002155848 0,2076753 0,2032811
0,002561721 0,2073627 0,2030378
0,002907593 0,2078494 0,2031121
0,002907593 0,2078494 0,2031121
0,003513396 0,2071393 0,2034243
0,004138473 0,2061367 0,2036176
0,004269711 0,2059234 0,2042212
0,004461179 0,2035721 0,2050073
0,004461179 0,2035721 0,2050073
0,004712323 0,2026543 0,2054762
0,005137891 0,2017326 0,2059927
0,005690247 0,2011258 0,2059822
