0,1715293 -0,08713809 0,2370906
0,1697225 -0,07852218 0,2397906
0,1681549 -0,06902662 0,2426445
0,1681549 -0,06902662 0,2426445
0,1626806 -0,05999129 0,2439734
0,1564944 -0,05302426 0,2470418
0,1478776 -0,04946285 0,2486551
0,1389069 -0,04594675 0,2507114
0,1292639 -0,04393765 0,2521429
0,1292639 -0,04393765 0,2521429
0,1170523 -0,04839581 0,253521
0,1039272 -0,05330747 0,2543246
0,08818056 -0,06271675 0,2539172
0,07125872 -0,07521427 0,2537584
0,05211604 -0,09091631 0,2521838
0,05211604 -0,09091631 0,2521838
0,03073784 -0,106942 0,247764
0,008571398 -0,1218583 0,2401883
-0,01311391 -0,1339315 0,2339917
-0,03578596 -0,1465795 0,229639
-0,0555072 -0,1490664 0,2251437
-0,0555072 -0,1490664 0,2251437
-0,06975842 -0,1426313 0,2166959
-0,08255699 -0,1281313 0,2048238
-0,09427984 -0,111667 0,1986404
-0,1013486 -0,09387331 0,2039182
-0,1013486 -0,09387331 0,2039182
-0,09320627 -0,07688783 0,2042609
-0,0874457 -0,06050739 0,2050171
-0,07753466 -0,0494597 0,2095841
-0,06568177 -0,04253927 0,2155953
-0,053167 -0,04274377 0,2241985
-0,053167 -0,04274377 0,2241985
-0,03872702 -0,05039412 0,2297505
-0,02349798 -0,06153546 0,2354004
-0,005778105 -0,0820429 0,2396967
0,01143091 -0,1025249 0,24347
0,02932474 -0,1226563 0,2482474
0,02932474 -0,1226563 0,2482474
0,05149425 -0,1406294 0,2506933
0,07639227 -0,1539695 0,2490067
0,09647416 -0,1582973 0,2449499
0,1145616 -0,1589456 0,2437045
0,1290136 -0,154237 0,2474638
0,1290136 -0,154237 0,2474638
0,1410184 -0,1423829 0,2445183
0,1528313 -0,132167 0,2412421
0,1601378 -0,1220677 0,2383623
0,1661152 -0,1133402 0,2356426
0,1700708 -0,106554 0,2335054
0,1700708 -0,106554 0,2335054
0,1707612 -0,1033714 0,2331863
0,1721795 -0,1007712 0,2325481
0,1738432 -0,09841242 0,2321063
0,1755015 -0,09763466 0,2318981
0,1769159 -0,09704643 0,2320933
0,1769159 -0,09704643 0,2320933
0,1774939 -0,09881349 0,2324084
0,178962 -0,09901196 0,232182
0,1802265 -0,09923297 0,2321991
0,1801597 -0,100116 0,2326348
0,1801597 -0,100116 0,2326348
0,1798702 -0,1008719 0,2330464
0,1800141 -0,1011198 0,2331605
0,1800654 -0,1011719 0,2330221
0,1800495 -0,1012872 0,2329275
0,1799914 -0,1013137 0,2328691
0,1799914 -0,1013137 0,2328691
0,1798201 -0,1013975 0,2329475
0,1795979 -0,101447 0,2330154
0,1790957 -0,1017388 0,2329551
0,1787629 -0,1018332 0,2328701
0,1785099 -0,1017963 0,2327462
0,1785099 -0,1017963 0,2327462
