0,05887329 -0,1312189 0,2646176
0,0587045 -0,1313469 0,264418
0,05855143 -0,1313656 0,2642316
0,05840516 -0,1313956 0,263997
0,0582338 -0,1315538 0,2636762
0,0582338 -0,1315538 0,2636762
0,05791202 -0,1319241 0,2632203
0,05755901 -0,1323508 0,2628095
0,05709177 -0,1329386 0,2623101
0,05658048 -0,133669 0,2618274
0,05658048 -0,133669 0,2618274
0,05593069 -0,1356337 0,2616639
0,05570624 -0,1377891 0,2614793
0,05591016 -0,1400102 0,2614866
0,0573 -0,1422557 0,2618711
0,05907723 -0,144389 0,2622298
0,05907723 -0,144389 0,2622298
0,06480974 -0,1446421 0,2635698
0,07151005 -0,1419692 0,2648646
0,07958777 -0,1367961 0,2673672
0,08968134 -0,1239747 0,271051
0,09998333 -0,1076092 0,2740672
0,09998333 -0,1076092 0,2740672
0,1081796 -0,07885742 0,2764896
0,113315 -0,05215052 0,2749738
0,1162828 -0,0240477 0,2713274
0,1138227 0,007267058 0,2649213
0,1088644 0,03514539 0,2551399
0,1088644 0,03514539 0,2551399
0,0942985 0,05360162 0,2437666
0,08171982 0,07659577 0,2315666
0,06476547 0,09014109 0,2167972
0,04703269 0,1030349 0,202278
0,02689709 0,1025634 0,1892885
0,02689709 0,1025634 0,1892885
0,005977173 0,1009993 0,1765004
-0,01516557 0,09636858 0,1654054
-0,0338431 0,08405401 0,1548934
-0,05060519 0,07196435 0,1474845
-0,06172292 0,04861254 0,1415284
-0,06172292 0,04861254 0,1415284
-0,06678554 0,03087509 0,142161
-0,06853181 0,009591237 0,1458496
-0,06043646 -0,0115602 0,162172
-0,05133623 -0,02960439 0,1839729
-0,05133623 -0,02960439 0,1839729
-0,02261128 -0,04431775 0,2320048
0,006856469 -0,06328917 0,2711537
0,03853131 -0,086059 0,3032715
0,05911404 -0,09445274 0,3075069
0,07376397 -0,09587654 0,3047991
0,07376397 -0,09587654 0,3047991
0,0684769 -0,09173837 0,2939363
0,06877337 -0,09247583 0,2898268
0,06734652 -0,09630647 0,2888314
0,06674664 -0,1014008 0,2885685
0,06598192 -0,1062152 0,2895968
0,06598192 -0,1062152 0,2895968
0,07006056 -0,1041499 0,2914193
0,07212735 -0,103851 0,2917793
0,07320441 -0,1036115 0,2922904
0,07377249 -0,104901 0,2929488
0,07394592 -0,1062364 0,2934083
0,07394592 -0,1062364 0,2934083
0,07418824 -0,1062424 0,2933433
0,07403942 -0,1074452 0,2935041
0,07375396 -0,1087194 0,2937129
0,07346628 -0,110002 0,2936267
0,07366831 -0,110272 0,2939641
0,07366831 -0,110272 0,2939641
0,07398002 -0,1101966 0,2940087
0,07416296 -0,1105727 0,294176
0,07441814 -0,1112692 0,2945075
0,07464915 -0,1119137 0,2947723
0,07464915 -0,1119137 0,2947723
0,07538097 -0,1122962 0,294699
0,07554529 -0,1128853 0,2948282
0,07541479 -0,1138094 0,2949196
0,07565673 -0,1141762 0,2949035
0,07555631 -0,1146239 0,2950311
0,07555631 -0,1146239 0,2950311
0,07563125 -0,1149224 0,2952765
0,07547988 -0,1154144 0,2958645
0,07552525 -0,1150684 0,2966191
0,0757921 -0,1145739 0,2975449
0,07813258 -0,1158955 0,2954212
0,07813258 -0,1158955 0,2954212
0,07928228 -0,1175674 0,2946835
0,08083506 -0,1190495 0,2918012
0,08010003 -0,11745 0,2910809
0,07937408 -0,117529 0,2897528
0,07911298 -0,1172618 0,2879734
0,07911298 -0,1172618 0,2879734
0,07783275 -0,1172195 0,2861311
0,07657535 -0,1173672 0,2842966
0,07446851 -0,1182412 0,2830745
0,07249102 -0,1191522 0,2819978
0,07074944 -0,1194064 0,2815023
0,07074944 -0,1194064 0,2815023
0,06958792 -0,1195165 0,2808661
0,06847548 -0,1197104 0,2798184
0,06717302 -0,1204645 0,278947
