0,08165022 -0,1398171 0,2760408
0,08137535 -0,1416906 0,2757145
0,08166904 -0,1433109 0,2755038
0,08241374 -0,1451381 0,2754785
0,08404875 -0,1484635 0,2761459
0,08788243 -0,150237 0,2780259
0,08788243 -0,150237 0,2780259
0,095971 -0,1510571 0,2806915
0,1054515 -0,1493663 0,2829142
0,1179447 -0,1420586 0,2845513
0,1315188 -0,1326564 0,287059
0,147087 -0,1120082 0,2894062
0,147087 -0,1120082 0,2894062
0,1543841 -0,08610079 0,2901192
0,1591623 -0,06161508 0,2884288
0,1578416 -0,03557071 0,2825971
0,1536905 -0,007957816 0,2750542
0,1393744 0,01231521 0,2633899
0,1393744 0,01231521 0,2633899
0,1211139 0,03089651 0,251548
0,1016525 0,04647863 0,2382702
0,07902422 0,05805127 0,2240434
0,05532705 0,06463149 0,208469
0,05532705 0,06463149 0,208469
0,03324308 0,06804717 0,1933809
0,01167183 0,06738546 0,179014
-0,007696157 0,05944035 0,1664634
-0,02355324 0,04943781 0,1580117
-0,03799186 0,03929284 0,1504374
-0,03799186 0,03929284 0,1504374
-0,04319325 0,01934965 0,1532125
-0,04359931 0,001841739 0,1568092
-0,0386073 -0,0195563 0,1688641
-0,02754167 -0,03385624 0,187025
-0,008483617 -0,04602802 0,2282966
-0,008483617 -0,04602802 0,2282966
0,02602858 -0,06399304 0,2661338
0,05292439 -0,08305579 0,3012044
0,07461298 -0,09160957 0,3132142
0,09057687 -0,09436896 0,318436
0,09144238 -0,08675787 0,3084455
0,09144238 -0,08675787 0,3084455
0,08793335 -0,08546716 0,3037613
0,08669942 -0,08569765 0,3011518
0,08491602 -0,08701476 0,3011909
0,08377448 -0,08804461 0,3016989
0,08358394 -0,08890408 0,302374
0,08358394 -0,08890408 0,302374
0,08326537 -0,09060541 0,3030007
0,08333947 -0,09107438 0,3037564
0,08277697 -0,09319398 0,3041236
0,08250353 -0,09474817 0,3046772
0,08250353 -0,09474817 0,3046772
0,08271484 -0,09431583 0,3045951
0,0823503 -0,09505451 0,3048185
0,0818641 -0,09592623 0,3050015
0,08196662 -0,09636277 0,3051399
0,08198264 -0,09728092 0,3053594
0,08198264 -0,09728092 0,3053594
0,08260471 -0,09805888 0,3054273
0,08260414 -0,09962404 0,305904
0,08346587 -0,09951016 0,3060273
0,08425738 -0,0995633 0,3064496
0,08514407 -0,09901306 0,3067115
0,08514407 -0,09901306 0,3067115
0,08526812 -0,09999228 0,3066981
0,08568662 -0,1005391 0,3066744
0,08579175 -0,1013025 0,306654
0,08601495 -0,1018887 0,3064984
0,08664146 -0,1016487 0,3060812
0,08664146 -0,1016487 0,3060812
0,08695305 -0,1013796 0,3060127
0,0874775 -0,1009167 0,3059524
0,08784782 -0,1007628 0,3059916
0,08813209 -0,1008528 0,3059804
0,08836521 -0,1010074 0,3060641
0,08836521 -0,1010074 0,3060641
0,0884417 -0,1013385 0,3061196
0,08846675 -0,1016222 0,3062883
0,08840652 -0,1018241 0,3064209
0,08798797 -0,1022927 0,3067542
0,08764354 -0,1024741 0,3073071
0,08764354 -0,1024741 0,3073071
0,08814044 -0,1015229 0,3078607
0,08908748 -0,1021422 0,3072465
0,08845961 -0,1061178 0,306953
0,08998693 -0,1069406 0,3048448
0,08998693 -0,1069406 0,3048448
0,09086389 -0,1070774 0,3039051
0,09073164 -0,1070397 0,3032716
0,09047917 -0,1076299 0,3014033
0,09015467 -0,1079797 0,2999774
0,08916105 -0,1092992 0,2982187
0,08916105 -0,1092992 0,2982187
0,08824375 -0,1099293 0,2963932
0,08732814 -0,1108105 0,2945837
