0,06713562 -0,1406615 0,2726934
0,06680737 -0,140998 0,2725583
0,06680737 -0,140998 0,2725583
0,06676278 -0,1414878 0,2722757
0,06670482 -0,1420569 0,2720562
0,06699005 -0,1432684 0,2719374
0,0673354 -0,1449599 0,2718749
0,06886905 -0,1473645 0,2721927
0,06886905 -0,1473645 0,2721927
0,07230821 -0,1491043 0,2732318
0,07701455 -0,1498426 0,2745515
0,08499139 -0,1485122 0,2764164
0,09415594 -0,1449009 0,2776353
0,1071839 -0,1345663 0,2793713
0,1071839 -0,1345663 0,2793713
0,1243389 -0,1154482 0,2816306
0,1391429 -0,09418902 0,2826541
0,1506784 -0,06813851 0,2812341
0,1582655 -0,04271546 0,2803767
0,1587125 -0,01428345 0,2716324
0,1587125 -0,01428345 0,2716324
0,1480789 0,009169638 0,2611673
0,1355128 0,03072441 0,2516403
0,1165869 0,04833287 0,240698
0,0989919 0,06677604 0,2299774
0,07170437 0,06827129 0,2184393
0,07170437 0,06827129 0,2184393
0,04767641 0,06893964 0,2049761
0,0237111 0,06980564 0,1936528
0,0002224504 0,07082465 0,1826921
-0,01902633 0,05560765 0,1735182
-0,03775286 0,03801726 0,1685663
-0,03775286 0,03801726 0,1685663
-0,04505559 0,0157312 0,170557
-0,04682853 -0,006602943 0,1758838
-0,04522992 -0,02655318 0,1896119
-0,02922331 -0,04415049 0,2208831
-0,02922331 -0,04415049 0,2208831
-5,85127E-05 -0,06537154 0,2589882
0,02899149 -0,08916476 0,2951143
0,05910293 -0,1065687 0,3175808
0,0834367 -0,1170962 0,3274992
0,09164876 -0,1085843 0,3190469
0,09164876 -0,1085843 0,3190469
0,09037796 -0,1072947 0,3127289
0,08986826 -0,1083188 0,3087785
0,08868816 -0,1091354 0,3071869
0,08774465 -0,1100627 0,3068203
0,08710407 -0,1119747 0,3069887
0,08710407 -0,1119747 0,3069887
0,08717254 -0,1125019 0,3074635
0,08816922 -0,1122597 0,3077163
0,08882415 -0,1125501 0,3080583
0,08876164 -0,1142732 0,3082364
0,08847706 -0,1155176 0,3088027
0,08847706 -0,1155176 0,3088027
0,0885077 -0,115541 0,3092253
0,08820976 -0,1168653 0,309755
0,08802701 -0,1179634 0,3099413
0,08799537 -0,1193819 0,3096895
0,08796374 -0,1208494 0,3092936
0,08796374 -0,1208494 0,3092936
0,08947267 -0,1198284 0,3094473
0,09008413 -0,1207747 0,3092691
0,09072791 -0,1215592 0,3093083
0,0921199 -0,1207789 0,309562
0,0921199 -0,1207789 0,309562
0,0925928 -0,1209919 0,3095377
0,09292163 -0,1216125 0,3094231
0,09325793 -0,1217789 0,3093447
0,09344002 -0,1222486 0,3093442
0,09396688 -0,121792 0,3093061
0,09396688 -0,121792 0,3093061
0,09455485 -0,121381 0,3092191
0,09491603 -0,1211442 0,3091916
0,0952289 -0,1210177 0,3091903
0,09551731 -0,1209511 0,3091035
0,09571142 -0,1210034 0,3091101
0,09571142 -0,1210034 0,3091101
0,09577825 -0,1211425 0,3091704
0,0957035 -0,1214563 0,3092772
0,09557671 -0,1217037 0,3096177
0,09501555 -0,1227627 0,3102588
0,09476028 -0,1233575 0,3108003
0,09476028 -0,1233575 0,3108003
0,09554855 -0,1240028 0,3102072
0,09647306 -0,1239466 0,3101456
0,09693626 -0,1248544 0,3097697
0,09751427 -0,1275212 0,3089885
