0,008136006 -0,1487462 0,187732
0,007803538 -0,1486571 0,1875259
0,007665667 -0,1488787 0,1873261
0,007571407 -0,1490666 0,1870794
0,007571407 -0,1490666 0,1870794
0,007779039 -0,1496602 0,1869615
0,008341232 -0,1505184 0,1868808
0,009243589 -0,1522202 0,1875636
0,01167983 -0,1550519 0,1893096
0,01521765 -0,1577482 0,1899944
0,01521765 -0,1577482 0,1899944
0,02606568 -0,1610245 0,1944793
0,03944545 -0,1657001 0,2033293
0,05533956 -0,1682978 0,2128169
0,07761672 -0,1634564 0,2184353
0,07761672 -0,1634564 0,2184353
0,09932359 -0,1504235 0,224666
0,1229243 -0,1351224 0,2303241
0,1462673 -0,1160751 0,2360326
0,1625891 -0,08972165 0,2335711
0,1691329 -0,06369816 0,2250711
0,1691329 -0,06369816 0,2250711
0,167909 -0,03845143 0,2175216
0,1575801 -0,01283896 0,2061445
0,1413997 0,00549373 0,1943168
0,1221287 0,0210802 0,18106
0,09620241 0,03169848 0,1682695
0,09620241 0,03169848 0,1682695
0,07007666 0,03511208 0,1530453
0,04399422 0,03733056 0,1372424
0,01892924 0,0335438 0,1220298
-0,002810776 0,02326721 0,1056726
-0,02332434 0,0126796 0,09027355
-0,02332434 0,0126796 0,09027355
-0,03282976 -0,004308894 0,08295438
-0,03992823 -0,02108183 0,08134655
-0,04308704 -0,03595056 0,08149733
-0,04106503 -0,04759791 0,08808945
-0,01819061 -0,06907146 0,1156525
-0,01819061 -0,06907146 0,1156525
0,006081349 -0,07752858 0,1478714
0,03467774 -0,0919373 0,1821333
0,06769208 -0,1061964 0,2208588
0,1065399 -0,1195534 0,245079
0,1404793 -0,1289842 0,2639262
0,1404793 -0,1289842 0,2639262
0,1667334 -0,1215312 0,2561374
0,1757983 -0,1161441 0,2503262
0,1800143 -0,1127229 0,2462082
0,1778617 -0,1112566 0,2428207
0,1778617 -0,1112566 0,2428207
0,174412 -0,1138742 0,2422598
0,1724372 -0,1155396 0,2420193
0,1724285 -0,1161939 0,2426537
0,1716411 -0,1174029 0,2434065
0,1728272 -0,1177566 0,2444896
0,1728272 -0,1177566 0,2444896
0,1733918 -0,1185682 0,2451221
0,173596 -0,1194257 0,2457014
0,1735115 -0,1203479 0,2457031
0,1739057 -0,1207022 0,2456222
0,1736149 -0,1215694 0,2455034
0,1736149 -0,1215694 0,2455034
0,1729727 -0,1225978 0,2453616
0,1720837 -0,1239403 0,2453137
0,1713759 -0,1250045 0,2451805
0,1716984 -0,1252777 0,244775
0,1726909 -0,1249823 0,2444614
0,1726909 -0,1249823 0,2444614
0,1730423 -0,1253133 0,2446599
0,1725795 -0,1262185 0,2448285
0,1721884 -0,126863 0,2449118
0,1720097 -0,1270591 0,2448571
0,1719037 -0,127161 0,2448654
0,1719037 -0,127161 0,2448654
0,1712142 -0,1276944 0,2449649
0,170644 -0,1280014 0,245044
0,1699927 -0,1283113 0,2451156
0,1695677 -0,1283519 0,2451913
0,1692805 -0,1283207 0,2452032
0,1692805 -0,1283207 0,2452032
0,1691287 -0,1282853 0,2453334
0,1690699 -0,1281905 0,2453312
0,1689573 -0,1281452 0,2453341
0,1688163 -0,1280756 0,2452723
0,1688163 -0,1280756 0,2452723
0,1685174 -0,1282674 0,2452265
0,1684289 -0,1283177 0,2451616
0,1682715 -0,1284832 0,2451275
0,1679355 -0,1288619 0,2452105
0,1675846 -0,1290804 0,2452583
0,1675846 -0,1290804 0,2452583
0,1674193 -0,1291941 0,2452055
0,1670953 -0,129445 0,2452522
0,1670236 -0,1294442 0,24527
0,1668914 -0,1294681 0,2453687
0,1667837 -0,1294861 0,2453404
0,1667837 -0,1294861 0,2453404
0,166509 -0,1295453 0,2453103
0,1661622 -0,1296507 0,2453061
0,1659209 -0,129659 0,2453066
0,1656739 -0,1298711 0,2452859
0,1657232 -0,1298242 0,2453448
0,1657232 -0,1298242 0,2453448
0,1658599 -0,129797 0,2452902
0,1658569 -0,13005 0,2453041
0,1659491 -0,1304348 0,2452819
0,1658476 -0,1306674 0,2452991
0,1658535 -0,1307243 0,2453054
0,1658535 -0,1307243 0,2453054
