0,1741732 -0,1197799 0,1999292
0,1742664 -0,1171451 0,2010879
0,1742664 -0,1171451 0,2010879
0,1737397 -0,1127826 0,2028527
0,1726882 -0,1076076 0,2050965
0,1710957 -0,1014771 0,2073832
0,1675254 -0,09380971 0,2104993
0,163408 -0,08776943 0,2134648
0,163408 -0,08776943 0,2134648
0,1565024 -0,08259332 0,2163325
0,1488885 -0,07794799 0,219642
0,141469 -0,07350168 0,2222195
0,1345251 -0,0684403 0,2240562
0,1265755 -0,06469248 0,2254216
0,1265755 -0,06469248 0,2254216
0,1176395 -0,06277305 0,226384
0,108251 -0,06085223 0,2274583
0,09702994 -0,06346294 0,2278949
0,08501655 -0,06759951 0,227905
0,07160792 -0,07696235 0,2270557
0,07160792 -0,07696235 0,2270557
0,05755088 -0,08596016 0,2258325
0,0430446 -0,09593576 0,2241407
0,02796575 -0,1065269 0,222556
0,01297746 -0,1170062 0,2168971
-0,00169918 -0,1285458 0,2122089
-0,00169918 -0,1285458 0,2122089
-0,01909136 -0,1402047 0,2089656
-0,03587307 -0,1494374 0,2034367
-0,05053044 -0,1579882 0,2002475
-0,06706408 -0,1626736 0,1931516
-0,06706408 -0,1626736 0,1931516
-0,08267967 -0,1620722 0,1885116
-0,09702353 -0,1595154 0,175832
-0,1088926 -0,1469041 0,1647118
-0,1194866 -0,136014 0,1621402
-0,1312909 -0,1267219 0,1637985
-0,1398306 -0,1138496 0,1656127
-0,1398306 -0,1138496 0,1656127
-0,1415174 -0,09343782 0,1651625
-0,1389613 -0,07945354 0,1657835
-0,1357397 -0,06725232 0,1686022
-0,1282201 -0,05615348 0,1713418
-0,1282201 -0,05615348 0,1713418
-0,1193477 -0,04903217 0,1759417
-0,1104652 -0,04333098 0,1811018
-0,09946194 -0,04084799 0,1856672
-0,08828141 -0,03954205 0,1907909
-0,07648042 -0,04207478 0,195709
-0,07648042 -0,04207478 0,195709
-0,06289321 -0,04899952 0,2003702
-0,04789679 -0,05891058 0,2048443
-0,03363441 -0,07090496 0,2091561
-0,0170275 -0,08773386 0,2122381
-0,0007372694 -0,1037632 0,2151983
-0,0007372694 -0,1037632 0,2151983
0,01589383 -0,1170102 0,2172221
0,03298233 -0,1297992 0,2202297
0,05002512 -0,1398319 0,2204232
0,06993061 -0,1492935 0,2204315
0,08918237 -0,158444 0,2163733
0,08918237 -0,158444 0,2163733
0,1063986 -0,1593184 0,2152774
0,1223645 -0,1600461 0,2135623
0,1392928 -0,1544873 0,2135964
0,1560027 -0,1472498 0,2134391
0,1560027 -0,1472498 0,2134391
0,1683519 -0,1363807 0,2114632
0,1810218 -0,1256365 0,2096588
0,1878086 -0,1160378 0,2089767
0,1926429 -0,1077609 0,2092204
0,1949908 -0,1012122 0,2095483
0,1949908 -0,1012122 0,2095483
0,1956059 -0,09702086 0,2080179
0,1963755 -0,09289211 0,2075511
0,196097 -0,09015968 0,2079008
0,1960878 -0,08788018 0,2075422
0,19488 -0,08771813 0,2081033
0,19488 -0,08771813 0,2081033
0,1938248 -0,08916791 0,2088676
0,1930672 -0,08988553 0,2085905
0,1928324 -0,09027436 0,2076465
0,1927792 -0,09098598 0,2069573
0,1927678 -0,09187269 0,2062057
0,1927678 -0,09187269 0,2062057
0,1921797 -0,09316 0,2062835
0,192108 -0,09401599 0,2059054
0,1913288 -0,09536284 0,2055694
0,1904336 -0,09685867 0,2051323
0,1893042 -0,0981681 0,2047444
0,1893042 -0,0981681 0,2047444
0,1880886 -0,09963191 0,2046621
0,1869064 -0,1010078 0,2044734
0,1859831 -0,1020906 0,2042444
0,1852922 -0,1028826 0,2035576
0,1852922 -0,1028826 0,2035576
0,1848134 -0,1034431 0,2031814
0,1843638 -0,1040323 0,2029622
0,1841401 -0,1043973 0,20303
0,1840722 -0,1046847 0,2030109
0,1841504 -0,1048574 0,2029736
0,1841504 -0,1048574 0,2029736
0,1841976 -0,1052286 0,2029563
0,1842416 -0,1056567 0,2030228
0,1844159 -0,106032 0,203098
0,1846419 -0,106381 0,2033174
0,1848897 -0,1067007 0,2034576
0,1848897 -0,1067007 0,2034576
0,1853628 -0,1069687 0,2033211
0,185741 -0,1071665 0,2031583
0,1860513 -0,1074678 0,2032041
0,1861479 -0,1079006 0,2033927
0,1862691 -0,1082065 0,2037813
