0,08128618 -0,1358052 0,2363845
0,08122537 -0,1358389 0,2362853
0,08122537 -0,1358389 0,2362853
0,08120992 -0,1359996 0,2362726
0,08121595 -0,1363005 0,2361805
0,08123092 -0,1367118 0,2361245
0,08137792 -0,1374345 0,2360877
0,08161733 -0,1382048 0,2361152
0,08161733 -0,1382048 0,2361152
0,08224349 -0,139384 0,2363486
0,08291899 -0,1408857 0,2369732
0,08406706 -0,1420358 0,2376657
0,08574086 -0,1436054 0,239197
0,08796121 -0,1450276 0,2408799
0,08796121 -0,1450276 0,2408799
0,0930437 -0,1437181 0,2434392
0,09956247 -0,1400022 0,2456865
0,1066283 -0,1347217 0,2480544
0,116188 -0,1245038 0,2502166
0,1265357 -0,1125849 0,2526592
0,1265357 -0,1125849 0,2526592
0,1376012 -0,0937283 0,2559305
0,148009 -0,07528907 0,2595924
0,1566489 -0,05557272 0,2616369
0,1641813 -0,02962878 0,2615992
0,1665271 -0,004073143 0,2614301
0,1665271 -0,004073143 0,2614301
0,1615442 0,01720075 0,2551478
0,1564164 0,04023468 0,2509966
0,1454626 0,05904041 0,2442557
0,1340459 0,07937184 0,2370422
0,1163738 0,09186779 0,2283118
0,1163738 0,09186779 0,2283118
0,09540506 0,09873336 0,2220116
0,07414877 0,1047278 0,2138125
0,04928127 0,09992715 0,2066037
0,02533937 0,09777398 0,2017254
0,02533937 0,09777398 0,2017254
0,001736484 0,08870661 0,1920641
-0,02230961 0,07734513 0,1851659
-0,04437628 0,05785654 0,1791337
-0,05845632 0,03089289 0,1752272
-0,07194819 0,004794225 0,1725035
-0,07194819 0,004794225 0,1725035
-0,07423743 -0,01554726 0,1737659
-0,07319528 -0,03736061 0,175919
-0,06714462 -0,0584151 0,1839252
-0,04742353 -0,07213224 0,2056367
-0,02367568 -0,08286548 0,2369693
-0,02367568 -0,08286548 0,2369693
0,008514662 -0,09076369 0,2695852
0,03624153 -0,09514758 0,2883534
0,05483145 -0,09893328 0,297101
0,06795327 -0,09571669 0,2992641
0,06960518 -0,09273627 0,2937976
0,06960518 -0,09273627 0,2937976
0,06732362 -0,09438866 0,2900327
0,06626124 -0,0968883 0,2879602
0,06472405 -0,1010686 0,2871312
0,06311743 -0,1053914 0,2869602
0,0634065 -0,1060215 0,2867657
0,0634065 -0,1060215 0,2867657
0,06374428 -0,1064357 0,2872672
0,06372989 -0,1077617 0,2874765
0,06398417 -0,1084823 0,2873684
0,06422079 -0,1090844 0,286905
0,06422079 -0,1090844 0,286905
0,06426682 -0,1099472 0,2866657
0,06431071 -0,1110635 0,2864638
0,06426641 -0,1125724 0,2865285
0,06434669 -0,1136527 0,2864558
0,06531267 -0,1141056 0,285698
0,06531267 -0,1141056 0,285698
0,06589795 -0,1142171 0,2859251
0,06674601 -0,1144361 0,2859392
0,06712536 -0,1149883 0,2860559
0,06763425 -0,1155763 0,2861577
0,06852161 -0,1148885 0,2863385
0,06852161 -0,1148885 0,2863385
0,06968337 -0,1145782 0,286255
0,07055031 -0,1144766 0,2862761
0,07100907 -0,1145699 0,2861303
0,07142959 -0,1148705 0,2860347
0,07168596 -0,1150058 0,2862499
0,07168596 -0,1150058 0,2862499
0,0722143 -0,1148145 0,2863212
0,07258122 -0,1149809 0,2863893
0,0730844 -0,114888 0,2863826
0,07362269 -0,1149613 0,2864032
0,07444419 -0,114464 0,2865214
0,07444419 -0,114464 0,2865214
0,07484915 -0,1146403 0,2865978
0,07525654 -0,1148258 0,2866096
0,07552523 -0,1147531 0,2865891
0,07569335 -0,1150332 0,2864134
0,07566109 -0,1154389 0,2863714
0,07566109 -0,1154389 0,2863714
0,07560858 -0,115692 0,2863343
0,0756118 -0,1158717 0,286217
0,07549323 -0,1162247 0,2861661
0,075409 -0,1163158 0,2860981
0,075409 -0,1163158 0,2860981
0,07531558 -0,116672 0,2860844
0,07529653 -0,1168458 0,2861249
0,07525891 -0,1170702 0,2863272
0,07510106 -0,1172106 0,2868215
0,07476872 -0,117477 0,2875226
0,07476872 -0,117477 0,2875226
0,07511943 -0,1165359 0,2884747
