0,03033003 -0,1886777 0,2128957
0,03033003 -0,1886777 0,2128957
0,02992087 -0,1867305 0,211081
0,02992717 -0,182551 0,2080248
0,03009779 -0,1773503 0,2035692
0,02997053 -0,1672652 0,197018
0,02901762 -0,1571098 0,1944923
0,02901762 -0,1571098 0,1944923
0,02913852 -0,1476222 0,1894621
0,02922224 -0,1395531 0,1856781
0,02908181 -0,1319724 0,1833554
0,02913772 -0,1256432 0,1810574
0,02913772 -0,1256432 0,1810574
0,0293988 -0,1234486 0,1790418
0,02914712 -0,121922 0,1786778
0,02893605 -0,1227314 0,1788761
0,02851382 -0,1241329 0,1795498
0,02761426 -0,1317283 0,1834609
0,02761426 -0,1317283 0,1834609
0,02560517 -0,1409505 0,1890443
0,02322475 -0,152533 0,1965681
0,02007356 -0,1651096 0,2052665
0,01638794 -0,178229 0,2151145
0,01108873 -0,1908047 0,225923
0,01108873 -0,1908047 0,225923
0,004262452 -0,1927529 0,2383626
-0,001304911 -0,1882048 0,2480942
-0,006919584 -0,1763118 0,2557789
-0,01222028 -0,1486032 0,2636194
-0,01830235 -0,1174586 0,2700339
-0,01830235 -0,1174586 0,2700339
-0,01727198 -0,07399434 0,2706182
-0,01675421 -0,03085437 0,2674044
-0,01481274 0,01027784 0,2618128
-0,01366694 0,04621646 0,257276
-0,01174223 0,08370699 0,2497521
-0,01174223 0,08370699 0,2497521
-0,007291018 0,1123152 0,2416654
-0,003633063 0,143402 0,2316331
-0,0007123087 0,1772465 0,2232962
0,0007431645 0,2007921 0,2153783
0,0007431645 0,2007921 0,2153783
0,004673644 0,2136655 0,2101547
0,006283508 0,2265038 0,2056614
0,007959038 0,2326909 0,2027342
0,009488756 0,2369073 0,1990769
0,01022473 0,2399168 0,1980109
0,01022473 0,2399168 0,1980109
0,01099426 0,2355599 0,1974137
0,01181399 0,232491 0,1969208
0,0122272 0,2342383 0,1960787
0,0123719 0,2367857 0,195258
0,01236938 0,2402244 0,1952765
0,01236938 0,2402244 0,1952765
0,01211799 0,2368766 0,1958226
0,01107052 0,2345952 0,1970356
0,01094638 0,2286591 0,1989705
0,01044455 0,2258035 0,2000251
0,009812444 0,2243434 0,2011548
0,009812444 0,2243434 0,2011548
0,009477681 0,2242423 0,2015908
0,009225831 0,2225196 0,2027501
0,009185838 0,2207391 0,2037647
0,008651217 0,2200659 0,2043925
0,00879968 0,2208849 0,204977
0,00879968 0,2208849 0,204977
0,008529776 0,2202027 0,20559
0,008450052 0,218513 0,2064632
0,008352947 0,2185014 0,2068395
0,007834896 0,2153818 0,2075526
0,007813685 0,2147064 0,2081686
0,007813685 0,2147064 0,2081686
0,007679469 0,2141174 0,2086689
0,007385533 0,2144106 0,2092021
0,007212232 0,2150352 0,2094943
0,006877226 0,2161 0,2097258
0,006877226 0,2161 0,2097258
0,007040535 0,2159416 0,2100067
0,00681161 0,2152339 0,2107585
0,007048382 0,2150501 0,2111876
0,006802627 0,2125228 0,2121306
0,006892726 0,2099267 0,213018
0,006892726 0,2099267 0,213018
0,007009184 0,2082231 0,2135176
0,007094157 0,2074654 0,2142356
